9.436684e-001 1.408289e-002 1.408289e-002 1.408289e-002 1.408289e-002 
1.304794e-001 2.173801e-001 2.173801e-001 2.173801e-001 2.173801e-001 
1.304794e-001 2.173801e-001 2.173801e-001 2.173801e-001 2.173801e-001 
1.304794e-001 2.173801e-001 2.173801e-001 2.173801e-001 2.173801e-001 
1.304794e-001 2.173801e-001 2.173801e-001 2.173801e-001 2.173801e-001 
3.661454e-003 0.000000e+000 1.473317e-003 0.000000e+000 0.000000e+000 0.000000e+000 4.986937e-004 0.000000e+000 0.000000e+000 0.000000e+000 0.000000e+000 0.000000e+000 0.000000e+000 0.000000e+000 3.190741e-004 0.000000e+000 0.000000e+000 0.000000e+000 0.000000e+000 0.000000e+000 0.000000e+000 0.000000e+000 0.000000e+000 0.000000e+000 0.000000e+000 0.000000e+000 0.000000e+000 0.000000e+000 0.000000e+000 0.000000e+000 0.000000e+000 0.000000e+000 
5.882094e-002 0.000000e+000 1.603985e-001 0.000000e+000 0.000000e+000 0.000000e+000 5.857846e-001 0.000000e+000 0.000000e+000 0.000000e+000 0.000000e+000 0.000000e+000 0.000000e+000 0.000000e+000 1.949959e-001 0.000000e+000 0.000000e+000 0.000000e+000 0.000000e+000 0.000000e+000 0.000000e+000 0.000000e+000 0.000000e+000 0.000000e+000 0.000000e+000 0.000000e+000 0.000000e+000 0.000000e+000 0.000000e+000 0.000000e+000 0.000000e+000 0.000000e+000 
5.882094e-002 0.000000e+000 1.603985e-001 0.000000e+000 0.000000e+000 0.000000e+000 5.857846e-001 0.000000e+000 0.000000e+000 0.000000e+000 0.000000e+000 0.000000e+000 0.000000e+000 0.000000e+000 1.949959e-001 0.000000e+000 0.000000e+000 0.000000e+000 0.000000e+000 0.000000e+000 0.000000e+000 0.000000e+000 0.000000e+000 0.000000e+000 0.000000e+000 0.000000e+000 0.000000e+000 0.000000e+000 0.000000e+000 0.000000e+000 0.000000e+000 0.000000e+000 
5.882094e-002 0.000000e+000 1.603985e-001 0.000000e+000 0.000000e+000 0.000000e+000 5.857846e-001 0.000000e+000 0.000000e+000 0.000000e+000 0.000000e+000 0.000000e+000 0.000000e+000 0.000000e+000 1.949959e-001 0.000000e+000 0.000000e+000 0.000000e+000 0.000000e+000 0.000000e+000 0.000000e+000 0.000000e+000 0.000000e+000 0.000000e+000 0.000000e+000 0.000000e+000 0.000000e+000 0.000000e+000 0.000000e+000 0.000000e+000 0.000000e+000 0.000000e+000 
5.882094e-002 0.000000e+000 1.603985e-001 0.000000e+000 0.000000e+000 0.000000e+000 5.857846e-001 0.000000e+000 0.000000e+000 0.000000e+000 0.000000e+000 0.000000e+000 0.000000e+000 0.000000e+000 1.949959e-001 0.000000e+000 0.000000e+000 0.000000e+000 0.000000e+000 0.000000e+000 0.000000e+000 0.000000e+000 0.000000e+000 0.000000e+000 0.000000e+000 0.000000e+000 0.000000e+000 0.000000e+000 0.000000e+000 0.000000e+000 0.000000e+000 0.000000e+000 
5.377688e-007 2.499999e-001 2.499999e-001 2.499999e-001 2.499999e-001 
