9.803934e-001 4.901650e-003 4.901650e-003 4.901650e-003 4.901650e-003 
6.061535e-002 2.348462e-001 2.348462e-001 2.348462e-001 2.348462e-001 
6.061535e-002 2.348462e-001 2.348462e-001 2.348462e-001 2.348462e-001 
6.061535e-002 2.348462e-001 2.348462e-001 2.348462e-001 2.348462e-001 
6.061535e-002 2.348462e-001 2.348462e-001 2.348462e-001 2.348462e-001 
4.264716e-011 0.000000e+000 6.971618e-005 0.000000e+000 0.000000e+000 0.000000e+000 4.419312e-006 0.000000e+000 0.000000e+000 0.000000e+000 0.000000e+000 0.000000e+000 0.000000e+000 0.000000e+000 1.627938e-005 0.000000e+000 0.000000e+000 0.000000e+000 0.000000e+000 0.000000e+000 0.000000e+000 0.000000e+000 0.000000e+000 0.000000e+000 0.000000e+000 0.000000e+000 0.000000e+000 0.000000e+000 0.000000e+000 0.000000e+000 0.000000e+000 0.000000e+000 
3.030727e-002 0.000000e+000 1.211213e-001 0.000000e+000 0.000000e+000 0.000000e+000 5.758312e-001 0.000000e+000 0.000000e+000 0.000000e+000 0.000000e+000 0.000000e+000 0.000000e+000 0.000000e+000 2.727402e-001 0.000000e+000 0.000000e+000 0.000000e+000 0.000000e+000 0.000000e+000 0.000000e+000 0.000000e+000 0.000000e+000 0.000000e+000 0.000000e+000 0.000000e+000 0.000000e+000 0.000000e+000 0.000000e+000 0.000000e+000 0.000000e+000 0.000000e+000 
3.030727e-002 0.000000e+000 1.211213e-001 0.000000e+000 0.000000e+000 0.000000e+000 5.758312e-001 0.000000e+000 0.000000e+000 0.000000e+000 0.000000e+000 0.000000e+000 0.000000e+000 0.000000e+000 2.727402e-001 0.000000e+000 0.000000e+000 0.000000e+000 0.000000e+000 0.000000e+000 0.000000e+000 0.000000e+000 0.000000e+000 0.000000e+000 0.000000e+000 0.000000e+000 0.000000e+000 0.000000e+000 0.000000e+000 0.000000e+000 0.000000e+000 0.000000e+000 
3.030727e-002 0.000000e+000 1.211213e-001 0.000000e+000 0.000000e+000 0.000000e+000 5.758312e-001 0.000000e+000 0.000000e+000 0.000000e+000 0.000000e+000 0.000000e+000 0.000000e+000 0.000000e+000 2.727402e-001 0.000000e+000 0.000000e+000 0.000000e+000 0.000000e+000 0.000000e+000 0.000000e+000 0.000000e+000 0.000000e+000 0.000000e+000 0.000000e+000 0.000000e+000 0.000000e+000 0.000000e+000 0.000000e+000 0.000000e+000 0.000000e+000 0.000000e+000 
3.030727e-002 0.000000e+000 1.211213e-001 0.000000e+000 0.000000e+000 0.000000e+000 5.758312e-001 0.000000e+000 0.000000e+000 0.000000e+000 0.000000e+000 0.000000e+000 0.000000e+000 0.000000e+000 2.727402e-001 0.000000e+000 0.000000e+000 0.000000e+000 0.000000e+000 0.000000e+000 0.000000e+000 0.000000e+000 0.000000e+000 0.000000e+000 0.000000e+000 0.000000e+000 0.000000e+000 0.000000e+000 0.000000e+000 0.000000e+000 0.000000e+000 0.000000e+000 
3.333803e-013 2.500000e-001 2.500000e-001 2.500000e-001 2.500000e-001 
