9.787234e-001 5.319149e-003 5.319149e-003 5.319149e-003 5.319149e-003 
5.405405e-002 2.364865e-001 2.364865e-001 2.364865e-001 2.364865e-001 
5.405405e-002 2.364865e-001 2.364865e-001 2.364865e-001 2.364865e-001 
5.405405e-002 2.364865e-001 2.364865e-001 2.364865e-001 2.364865e-001 
5.405405e-002 2.364865e-001 2.364865e-001 2.364865e-001 2.364865e-001 
8.510638e-002 0.000000e+000 4.255319e-002 0.000000e+000 0.000000e+000 0.000000e+000 1.248242e-083 0.000000e+000 0.000000e+000 0.000000e+000 0.000000e+000 0.000000e+000 0.000000e+000 0.000000e+000 4.782178e-086 0.000000e+000 0.000000e+000 0.000000e+000 0.000000e+000 0.000000e+000 0.000000e+000 0.000000e+000 0.000000e+000 0.000000e+000 0.000000e+000 0.000000e+000 0.000000e+000 0.000000e+000 0.000000e+000 0.000000e+000 7.604833e-212 0.000000e+000 
2.925000e-178 0.000000e+000 1.705866e-016 0.000000e+000 0.000000e+000 0.000000e+000 6.486486e-001 0.000000e+000 0.000000e+000 0.000000e+000 0.000000e+000 0.000000e+000 0.000000e+000 0.000000e+000 2.972973e-001 0.000000e+000 0.000000e+000 0.000000e+000 0.000000e+000 0.000000e+000 0.000000e+000 0.000000e+000 0.000000e+000 0.000000e+000 0.000000e+000 0.000000e+000 0.000000e+000 0.000000e+000 0.000000e+000 0.000000e+000 5.405405e-002 0.000000e+000 
2.925000e-178 0.000000e+000 1.705866e-016 0.000000e+000 0.000000e+000 0.000000e+000 6.486486e-001 0.000000e+000 0.000000e+000 0.000000e+000 0.000000e+000 0.000000e+000 0.000000e+000 0.000000e+000 2.972973e-001 0.000000e+000 0.000000e+000 0.000000e+000 0.000000e+000 0.000000e+000 0.000000e+000 0.000000e+000 0.000000e+000 0.000000e+000 0.000000e+000 0.000000e+000 0.000000e+000 0.000000e+000 0.000000e+000 0.000000e+000 5.405405e-002 0.000000e+000 
2.925000e-178 0.000000e+000 1.705866e-016 0.000000e+000 0.000000e+000 0.000000e+000 6.486486e-001 0.000000e+000 0.000000e+000 0.000000e+000 0.000000e+000 0.000000e+000 0.000000e+000 0.000000e+000 2.972973e-001 0.000000e+000 0.000000e+000 0.000000e+000 0.000000e+000 0.000000e+000 0.000000e+000 0.000000e+000 0.000000e+000 0.000000e+000 0.000000e+000 0.000000e+000 0.000000e+000 0.000000e+000 0.000000e+000 0.000000e+000 5.405405e-002 0.000000e+000 
2.925000e-178 0.000000e+000 1.705866e-016 0.000000e+000 0.000000e+000 0.000000e+000 6.486486e-001 0.000000e+000 0.000000e+000 0.000000e+000 0.000000e+000 0.000000e+000 0.000000e+000 0.000000e+000 2.972973e-001 0.000000e+000 0.000000e+000 0.000000e+000 0.000000e+000 0.000000e+000 0.000000e+000 0.000000e+000 0.000000e+000 0.000000e+000 0.000000e+000 0.000000e+000 0.000000e+000 0.000000e+000 0.000000e+000 0.000000e+000 5.405405e-002 0.000000e+000 
0.000000e+000 2.500000e-001 2.500000e-001 2.500000e-001 2.500000e-001 
