9.796007e-001 5.099826e-003 5.099826e-003 5.099826e-003 5.099826e-003 
5.717819e-002 2.357055e-001 2.357055e-001 2.357055e-001 2.357055e-001 
5.717819e-002 2.357055e-001 2.357055e-001 2.357055e-001 2.357055e-001 
5.717819e-002 2.357055e-001 2.357055e-001 2.357055e-001 2.357055e-001 
5.717819e-002 2.357055e-001 2.357055e-001 2.357055e-001 2.357055e-001 
6.115585e-002 0.000000e+000 4.810310e-004 0.000000e+000 0.000000e+000 0.000000e+000 6.789196e-015 0.000000e+000 0.000000e+000 0.000000e+000 0.000000e+000 0.000000e+000 0.000000e+000 0.000000e+000 5.867042e-012 0.000000e+000 0.000000e+000 0.000000e+000 0.000000e+000 0.000000e+000 0.000000e+000 0.000000e+000 0.000000e+000 0.000000e+000 0.000000e+000 0.000000e+000 0.000000e+000 0.000000e+000 0.000000e+000 0.000000e+000 6.002146e-028 0.000000e+000 
5.850052e-005 0.000000e+000 2.791486e-002 0.000000e+000 0.000000e+000 0.000000e+000 7.433145e-001 0.000000e+000 0.000000e+000 0.000000e+000 0.000000e+000 0.000000e+000 0.000000e+000 0.000000e+000 2.001231e-001 0.000000e+000 0.000000e+000 0.000000e+000 0.000000e+000 0.000000e+000 0.000000e+000 0.000000e+000 0.000000e+000 0.000000e+000 0.000000e+000 0.000000e+000 0.000000e+000 0.000000e+000 0.000000e+000 0.000000e+000 2.858902e-002 0.000000e+000 
5.850052e-005 0.000000e+000 2.791486e-002 0.000000e+000 0.000000e+000 0.000000e+000 7.433145e-001 0.000000e+000 0.000000e+000 0.000000e+000 0.000000e+000 0.000000e+000 0.000000e+000 0.000000e+000 2.001231e-001 0.000000e+000 0.000000e+000 0.000000e+000 0.000000e+000 0.000000e+000 0.000000e+000 0.000000e+000 0.000000e+000 0.000000e+000 0.000000e+000 0.000000e+000 0.000000e+000 0.000000e+000 0.000000e+000 0.000000e+000 2.858902e-002 0.000000e+000 
5.850052e-005 0.000000e+000 2.791486e-002 0.000000e+000 0.000000e+000 0.000000e+000 7.433145e-001 0.000000e+000 0.000000e+000 0.000000e+000 0.000000e+000 0.000000e+000 0.000000e+000 0.000000e+000 2.001231e-001 0.000000e+000 0.000000e+000 0.000000e+000 0.000000e+000 0.000000e+000 0.000000e+000 0.000000e+000 0.000000e+000 0.000000e+000 0.000000e+000 0.000000e+000 0.000000e+000 0.000000e+000 0.000000e+000 0.000000e+000 2.858902e-002 0.000000e+000 
5.850052e-005 0.000000e+000 2.791486e-002 0.000000e+000 0.000000e+000 0.000000e+000 7.433145e-001 0.000000e+000 0.000000e+000 0.000000e+000 0.000000e+000 0.000000e+000 0.000000e+000 0.000000e+000 2.001231e-001 0.000000e+000 0.000000e+000 0.000000e+000 0.000000e+000 0.000000e+000 0.000000e+000 0.000000e+000 0.000000e+000 0.000000e+000 0.000000e+000 0.000000e+000 0.000000e+000 0.000000e+000 0.000000e+000 0.000000e+000 2.858902e-002 0.000000e+000 
1.106074e-074 2.500000e-001 2.500000e-001 2.500000e-001 2.500000e-001 
