9.579247e-001 1.051883e-002 1.051883e-002 1.051883e-002 1.051883e-002 
7.911797e-002 2.302205e-001 2.302205e-001 2.302205e-001 2.302205e-001 
7.911797e-002 2.302205e-001 2.302205e-001 2.302205e-001 2.302205e-001 
7.911797e-002 2.302205e-001 2.302205e-001 2.302205e-001 2.302205e-001 
7.911797e-002 2.302205e-001 2.302205e-001 2.302205e-001 2.302205e-001 
1.194802e-002 0.000000e+000 2.998803e-005 0.000000e+000 0.000000e+000 0.000000e+000 5.952459e-004 0.000000e+000 0.000000e+000 0.000000e+000 0.000000e+000 0.000000e+000 0.000000e+000 0.000000e+000 5.578255e-006 0.000000e+000 0.000000e+000 0.000000e+000 0.000000e+000 0.000000e+000 0.000000e+000 0.000000e+000 0.000000e+000 0.000000e+000 0.000000e+000 0.000000e+000 0.000000e+000 0.000000e+000 0.000000e+000 0.000000e+000 0.000000e+000 0.000000e+000 
1.187627e-001 0.000000e+000 8.014654e-002 0.000000e+000 0.000000e+000 0.000000e+000 6.674579e-001 0.000000e+000 0.000000e+000 0.000000e+000 0.000000e+000 0.000000e+000 0.000000e+000 0.000000e+000 1.336329e-001 0.000000e+000 0.000000e+000 0.000000e+000 0.000000e+000 0.000000e+000 0.000000e+000 0.000000e+000 0.000000e+000 0.000000e+000 0.000000e+000 0.000000e+000 0.000000e+000 0.000000e+000 0.000000e+000 0.000000e+000 0.000000e+000 0.000000e+000 
1.187627e-001 0.000000e+000 8.014654e-002 0.000000e+000 0.000000e+000 0.000000e+000 6.674579e-001 0.000000e+000 0.000000e+000 0.000000e+000 0.000000e+000 0.000000e+000 0.000000e+000 0.000000e+000 1.336329e-001 0.000000e+000 0.000000e+000 0.000000e+000 0.000000e+000 0.000000e+000 0.000000e+000 0.000000e+000 0.000000e+000 0.000000e+000 0.000000e+000 0.000000e+000 0.000000e+000 0.000000e+000 0.000000e+000 0.000000e+000 0.000000e+000 0.000000e+000 
1.187627e-001 0.000000e+000 8.014654e-002 0.000000e+000 0.000000e+000 0.000000e+000 6.674579e-001 0.000000e+000 0.000000e+000 0.000000e+000 0.000000e+000 0.000000e+000 0.000000e+000 0.000000e+000 1.336329e-001 0.000000e+000 0.000000e+000 0.000000e+000 0.000000e+000 0.000000e+000 0.000000e+000 0.000000e+000 0.000000e+000 0.000000e+000 0.000000e+000 0.000000e+000 0.000000e+000 0.000000e+000 0.000000e+000 0.000000e+000 0.000000e+000 0.000000e+000 
1.187627e-001 0.000000e+000 8.014654e-002 0.000000e+000 0.000000e+000 0.000000e+000 6.674579e-001 0.000000e+000 0.000000e+000 0.000000e+000 0.000000e+000 0.000000e+000 0.000000e+000 0.000000e+000 1.336329e-001 0.000000e+000 0.000000e+000 0.000000e+000 0.000000e+000 0.000000e+000 0.000000e+000 0.000000e+000 0.000000e+000 0.000000e+000 0.000000e+000 0.000000e+000 0.000000e+000 0.000000e+000 0.000000e+000 0.000000e+000 0.000000e+000 0.000000e+000 
8.200917e-007 2.499998e-001 2.499998e-001 2.499998e-001 2.499998e-001 
