9.787766e-001 5.305840e-003 5.305840e-003 5.305840e-003 5.305840e-003 
5.427831e-002 2.364304e-001 2.364304e-001 2.364304e-001 2.364304e-001 
5.427831e-002 2.364304e-001 2.364304e-001 2.364304e-001 2.364304e-001 
5.427831e-002 2.364304e-001 2.364304e-001 2.364304e-001 2.364304e-001 
5.427831e-002 2.364304e-001 2.364304e-001 2.364304e-001 2.364304e-001 
1.027653e-003 0.000000e+000 2.000188e-003 0.000000e+000 0.000000e+000 0.000000e+000 5.336115e-006 0.000000e+000 0.000000e+000 0.000000e+000 0.000000e+000 0.000000e+000 0.000000e+000 0.000000e+000 4.291378e-007 0.000000e+000 0.000000e+000 0.000000e+000 0.000000e+000 0.000000e+000 0.000000e+000 0.000000e+000 0.000000e+000 0.000000e+000 0.000000e+000 0.000000e+000 0.000000e+000 0.000000e+000 0.000000e+000 0.000000e+000 5.220521e-007 0.000000e+000 
8.008130e-002 0.000000e+000 1.602331e-001 0.000000e+000 0.000000e+000 0.000000e+000 4.612357e-001 0.000000e+000 0.000000e+000 0.000000e+000 0.000000e+000 0.000000e+000 0.000000e+000 0.000000e+000 1.356590e-001 0.000000e+000 0.000000e+000 0.000000e+000 0.000000e+000 0.000000e+000 0.000000e+000 0.000000e+000 0.000000e+000 0.000000e+000 0.000000e+000 0.000000e+000 0.000000e+000 0.000000e+000 0.000000e+000 0.000000e+000 1.627908e-001 0.000000e+000 
8.008130e-002 0.000000e+000 1.602331e-001 0.000000e+000 0.000000e+000 0.000000e+000 4.612357e-001 0.000000e+000 0.000000e+000 0.000000e+000 0.000000e+000 0.000000e+000 0.000000e+000 0.000000e+000 1.356590e-001 0.000000e+000 0.000000e+000 0.000000e+000 0.000000e+000 0.000000e+000 0.000000e+000 0.000000e+000 0.000000e+000 0.000000e+000 0.000000e+000 0.000000e+000 0.000000e+000 0.000000e+000 0.000000e+000 0.000000e+000 1.627908e-001 0.000000e+000 
8.008130e-002 0.000000e+000 1.602331e-001 0.000000e+000 0.000000e+000 0.000000e+000 4.612357e-001 0.000000e+000 0.000000e+000 0.000000e+000 0.000000e+000 0.000000e+000 0.000000e+000 0.000000e+000 1.356590e-001 0.000000e+000 0.000000e+000 0.000000e+000 0.000000e+000 0.000000e+000 0.000000e+000 0.000000e+000 0.000000e+000 0.000000e+000 0.000000e+000 0.000000e+000 0.000000e+000 0.000000e+000 0.000000e+000 0.000000e+000 1.627908e-001 0.000000e+000 
8.008130e-002 0.000000e+000 1.602331e-001 0.000000e+000 0.000000e+000 0.000000e+000 4.612357e-001 0.000000e+000 0.000000e+000 0.000000e+000 0.000000e+000 0.000000e+000 0.000000e+000 0.000000e+000 1.356590e-001 0.000000e+000 0.000000e+000 0.000000e+000 0.000000e+000 0.000000e+000 0.000000e+000 0.000000e+000 0.000000e+000 0.000000e+000 0.000000e+000 0.000000e+000 0.000000e+000 0.000000e+000 0.000000e+000 0.000000e+000 1.627908e-001 0.000000e+000 
8.047930e-008 2.500000e-001 2.500000e-001 2.500000e-001 2.500000e-001 
