9.779397e-001 5.515075e-003 5.515075e-003 5.515075e-003 5.515075e-003 
5.172134e-002 2.370697e-001 2.370697e-001 2.370697e-001 2.370697e-001 
5.172134e-002 2.370697e-001 2.370697e-001 2.370697e-001 2.370697e-001 
5.172134e-002 2.370697e-001 2.370697e-001 2.370697e-001 2.370697e-001 
5.172134e-002 2.370697e-001 2.370697e-001 2.370697e-001 2.370697e-001 
7.278332e-003 0.000000e+000 1.609538e-005 0.000000e+000 0.000000e+000 0.000000e+000 4.974475e-006 0.000000e+000 0.000000e+000 0.000000e+000 0.000000e+000 0.000000e+000 0.000000e+000 0.000000e+000 1.556588e-006 0.000000e+000 0.000000e+000 0.000000e+000 0.000000e+000 0.000000e+000 0.000000e+000 0.000000e+000 0.000000e+000 0.000000e+000 0.000000e+000 0.000000e+000 0.000000e+000 0.000000e+000 0.000000e+000 0.000000e+000 0.000000e+000 0.000000e+000 
4.318872e-002 0.000000e+000 2.584161e-002 0.000000e+000 0.000000e+000 0.000000e+000 8.275296e-001 0.000000e+000 0.000000e+000 0.000000e+000 0.000000e+000 0.000000e+000 0.000000e+000 0.000000e+000 1.034401e-001 0.000000e+000 0.000000e+000 0.000000e+000 0.000000e+000 0.000000e+000 0.000000e+000 0.000000e+000 0.000000e+000 0.000000e+000 0.000000e+000 0.000000e+000 0.000000e+000 0.000000e+000 0.000000e+000 0.000000e+000 0.000000e+000 0.000000e+000 
4.318872e-002 0.000000e+000 2.584161e-002 0.000000e+000 0.000000e+000 0.000000e+000 8.275296e-001 0.000000e+000 0.000000e+000 0.000000e+000 0.000000e+000 0.000000e+000 0.000000e+000 0.000000e+000 1.034401e-001 0.000000e+000 0.000000e+000 0.000000e+000 0.000000e+000 0.000000e+000 0.000000e+000 0.000000e+000 0.000000e+000 0.000000e+000 0.000000e+000 0.000000e+000 0.000000e+000 0.000000e+000 0.000000e+000 0.000000e+000 0.000000e+000 0.000000e+000 
4.318872e-002 0.000000e+000 2.584161e-002 0.000000e+000 0.000000e+000 0.000000e+000 8.275296e-001 0.000000e+000 0.000000e+000 0.000000e+000 0.000000e+000 0.000000e+000 0.000000e+000 0.000000e+000 1.034401e-001 0.000000e+000 0.000000e+000 0.000000e+000 0.000000e+000 0.000000e+000 0.000000e+000 0.000000e+000 0.000000e+000 0.000000e+000 0.000000e+000 0.000000e+000 0.000000e+000 0.000000e+000 0.000000e+000 0.000000e+000 0.000000e+000 0.000000e+000 
4.318872e-002 0.000000e+000 2.584161e-002 0.000000e+000 0.000000e+000 0.000000e+000 8.275296e-001 0.000000e+000 0.000000e+000 0.000000e+000 0.000000e+000 0.000000e+000 0.000000e+000 0.000000e+000 1.034401e-001 0.000000e+000 0.000000e+000 0.000000e+000 0.000000e+000 0.000000e+000 0.000000e+000 0.000000e+000 0.000000e+000 0.000000e+000 0.000000e+000 0.000000e+000 0.000000e+000 0.000000e+000 0.000000e+000 0.000000e+000 0.000000e+000 0.000000e+000 
1.089901e-012 2.500000e-001 2.500000e-001 2.500000e-001 2.500000e-001 
