9.795930e-001 5.101741e-003 5.101741e-003 5.101741e-003 5.101741e-003 
5.715109e-002 2.357122e-001 2.357122e-001 2.357122e-001 2.357122e-001 
5.715109e-002 2.357122e-001 2.357122e-001 2.357122e-001 2.357122e-001 
5.715109e-002 2.357122e-001 2.357122e-001 2.357122e-001 2.357122e-001 
5.715109e-002 2.357122e-001 2.357122e-001 2.357122e-001 2.357122e-001 
0.000000e+000 0.000000e+000 6.147082e-005 0.000000e+000 0.000000e+000 0.000000e+000 2.976060e-005 0.000000e+000 0.000000e+000 0.000000e+000 0.000000e+000 0.000000e+000 0.000000e+000 0.000000e+000 1.600828e-009 0.000000e+000 0.000000e+000 0.000000e+000 0.000000e+000 0.000000e+000 0.000000e+000 0.000000e+000 0.000000e+000 0.000000e+000 0.000000e+000 0.000000e+000 0.000000e+000 0.000000e+000 0.000000e+000 0.000000e+000 6.277204e-011 0.000000e+000 
0.000000e+000 0.000000e+000 1.427893e-001 0.000000e+000 0.000000e+000 0.000000e+000 6.286101e-001 0.000000e+000 0.000000e+000 0.000000e+000 0.000000e+000 0.000000e+000 0.000000e+000 0.000000e+000 2.000255e-001 0.000000e+000 0.000000e+000 0.000000e+000 0.000000e+000 0.000000e+000 0.000000e+000 0.000000e+000 0.000000e+000 0.000000e+000 0.000000e+000 0.000000e+000 0.000000e+000 0.000000e+000 0.000000e+000 0.000000e+000 2.857508e-002 0.000000e+000 
0.000000e+000 0.000000e+000 1.427893e-001 0.000000e+000 0.000000e+000 0.000000e+000 6.286101e-001 0.000000e+000 0.000000e+000 0.000000e+000 0.000000e+000 0.000000e+000 0.000000e+000 0.000000e+000 2.000255e-001 0.000000e+000 0.000000e+000 0.000000e+000 0.000000e+000 0.000000e+000 0.000000e+000 0.000000e+000 0.000000e+000 0.000000e+000 0.000000e+000 0.000000e+000 0.000000e+000 0.000000e+000 0.000000e+000 0.000000e+000 2.857508e-002 0.000000e+000 
0.000000e+000 0.000000e+000 1.427893e-001 0.000000e+000 0.000000e+000 0.000000e+000 6.286101e-001 0.000000e+000 0.000000e+000 0.000000e+000 0.000000e+000 0.000000e+000 0.000000e+000 0.000000e+000 2.000255e-001 0.000000e+000 0.000000e+000 0.000000e+000 0.000000e+000 0.000000e+000 0.000000e+000 0.000000e+000 0.000000e+000 0.000000e+000 0.000000e+000 0.000000e+000 0.000000e+000 0.000000e+000 0.000000e+000 0.000000e+000 2.857508e-002 0.000000e+000 
0.000000e+000 0.000000e+000 1.427893e-001 0.000000e+000 0.000000e+000 0.000000e+000 6.286101e-001 0.000000e+000 0.000000e+000 0.000000e+000 0.000000e+000 0.000000e+000 0.000000e+000 0.000000e+000 2.000255e-001 0.000000e+000 0.000000e+000 0.000000e+000 0.000000e+000 0.000000e+000 0.000000e+000 0.000000e+000 0.000000e+000 0.000000e+000 0.000000e+000 0.000000e+000 0.000000e+000 0.000000e+000 0.000000e+000 0.000000e+000 2.857508e-002 0.000000e+000 
2.744300e-012 2.500000e-001 2.500000e-001 2.500000e-001 2.500000e-001 
