9.428647e-001 1.428383e-002 1.428383e-002 1.428383e-002 1.428383e-002 
1.272546e-001 2.181864e-001 2.181864e-001 2.181864e-001 2.181864e-001 
1.272546e-001 2.181864e-001 2.181864e-001 2.181864e-001 2.181864e-001 
1.272546e-001 2.181864e-001 2.181864e-001 2.181864e-001 2.181864e-001 
1.272546e-001 2.181864e-001 2.181864e-001 2.181864e-001 2.181864e-001 
3.966450e-003 0.000000e+000 5.893839e-003 0.000000e+000 0.000000e+000 0.000000e+000 5.270026e-004 0.000000e+000 0.000000e+000 0.000000e+000 0.000000e+000 0.000000e+000 0.000000e+000 0.000000e+000 4.778045e-005 0.000000e+000 0.000000e+000 0.000000e+000 0.000000e+000 0.000000e+000 0.000000e+000 0.000000e+000 0.000000e+000 0.000000e+000 0.000000e+000 0.000000e+000 0.000000e+000 0.000000e+000 0.000000e+000 0.000000e+000 0.000000e+000 0.000000e+000 
5.696265e-002 0.000000e+000 8.553727e-002 0.000000e+000 0.000000e+000 0.000000e+000 6.668109e-001 0.000000e+000 0.000000e+000 0.000000e+000 0.000000e+000 0.000000e+000 0.000000e+000 0.000000e+000 1.906892e-001 0.000000e+000 0.000000e+000 0.000000e+000 0.000000e+000 0.000000e+000 0.000000e+000 0.000000e+000 0.000000e+000 0.000000e+000 0.000000e+000 0.000000e+000 0.000000e+000 0.000000e+000 0.000000e+000 0.000000e+000 0.000000e+000 0.000000e+000 
5.696265e-002 0.000000e+000 8.553727e-002 0.000000e+000 0.000000e+000 0.000000e+000 6.668109e-001 0.000000e+000 0.000000e+000 0.000000e+000 0.000000e+000 0.000000e+000 0.000000e+000 0.000000e+000 1.906892e-001 0.000000e+000 0.000000e+000 0.000000e+000 0.000000e+000 0.000000e+000 0.000000e+000 0.000000e+000 0.000000e+000 0.000000e+000 0.000000e+000 0.000000e+000 0.000000e+000 0.000000e+000 0.000000e+000 0.000000e+000 0.000000e+000 0.000000e+000 
5.696265e-002 0.000000e+000 8.553727e-002 0.000000e+000 0.000000e+000 0.000000e+000 6.668109e-001 0.000000e+000 0.000000e+000 0.000000e+000 0.000000e+000 0.000000e+000 0.000000e+000 0.000000e+000 1.906892e-001 0.000000e+000 0.000000e+000 0.000000e+000 0.000000e+000 0.000000e+000 0.000000e+000 0.000000e+000 0.000000e+000 0.000000e+000 0.000000e+000 0.000000e+000 0.000000e+000 0.000000e+000 0.000000e+000 0.000000e+000 0.000000e+000 0.000000e+000 
5.696265e-002 0.000000e+000 8.553727e-002 0.000000e+000 0.000000e+000 0.000000e+000 6.668109e-001 0.000000e+000 0.000000e+000 0.000000e+000 0.000000e+000 0.000000e+000 0.000000e+000 0.000000e+000 1.906892e-001 0.000000e+000 0.000000e+000 0.000000e+000 0.000000e+000 0.000000e+000 0.000000e+000 0.000000e+000 0.000000e+000 0.000000e+000 0.000000e+000 0.000000e+000 0.000000e+000 0.000000e+000 0.000000e+000 0.000000e+000 0.000000e+000 0.000000e+000 
5.883041e-007 2.499999e-001 2.499999e-001 2.499999e-001 2.499999e-001 
