9.777778e-001 5.555556e-003 5.555556e-003 5.555556e-003 5.555556e-003 
5.128205e-002 2.371795e-001 2.371795e-001 2.371795e-001 2.371795e-001 
5.128205e-002 2.371795e-001 2.371795e-001 2.371795e-001 2.371795e-001 
5.128205e-002 2.371795e-001 2.371795e-001 2.371795e-001 2.371795e-001 
5.128205e-002 2.371795e-001 2.371795e-001 2.371795e-001 2.371795e-001 
1.111111e-001 0.000000e+000 4.444444e-002 0.000000e+000 0.000000e+000 0.000000e+000 2.322613e-068 0.000000e+000 0.000000e+000 0.000000e+000 0.000000e+000 0.000000e+000 0.000000e+000 0.000000e+000 1.651396e-059 0.000000e+000 0.000000e+000 0.000000e+000 0.000000e+000 0.000000e+000 0.000000e+000 0.000000e+000 0.000000e+000 0.000000e+000 0.000000e+000 0.000000e+000 0.000000e+000 0.000000e+000 0.000000e+000 0.000000e+000 2.173812e-165 0.000000e+000 
3.773241e-036 0.000000e+000 7.952882e-016 0.000000e+000 0.000000e+000 0.000000e+000 7.179487e-001 0.000000e+000 0.000000e+000 0.000000e+000 0.000000e+000 0.000000e+000 0.000000e+000 0.000000e+000 2.307692e-001 0.000000e+000 0.000000e+000 0.000000e+000 0.000000e+000 0.000000e+000 0.000000e+000 0.000000e+000 0.000000e+000 0.000000e+000 0.000000e+000 0.000000e+000 0.000000e+000 0.000000e+000 0.000000e+000 0.000000e+000 5.128205e-002 0.000000e+000 
3.773241e-036 0.000000e+000 7.952882e-016 0.000000e+000 0.000000e+000 0.000000e+000 7.179487e-001 0.000000e+000 0.000000e+000 0.000000e+000 0.000000e+000 0.000000e+000 0.000000e+000 0.000000e+000 2.307692e-001 0.000000e+000 0.000000e+000 0.000000e+000 0.000000e+000 0.000000e+000 0.000000e+000 0.000000e+000 0.000000e+000 0.000000e+000 0.000000e+000 0.000000e+000 0.000000e+000 0.000000e+000 0.000000e+000 0.000000e+000 5.128205e-002 0.000000e+000 
3.773241e-036 0.000000e+000 7.952882e-016 0.000000e+000 0.000000e+000 0.000000e+000 7.179487e-001 0.000000e+000 0.000000e+000 0.000000e+000 0.000000e+000 0.000000e+000 0.000000e+000 0.000000e+000 2.307692e-001 0.000000e+000 0.000000e+000 0.000000e+000 0.000000e+000 0.000000e+000 0.000000e+000 0.000000e+000 0.000000e+000 0.000000e+000 0.000000e+000 0.000000e+000 0.000000e+000 0.000000e+000 0.000000e+000 0.000000e+000 5.128205e-002 0.000000e+000 
3.773241e-036 0.000000e+000 7.952882e-016 0.000000e+000 0.000000e+000 0.000000e+000 7.179487e-001 0.000000e+000 0.000000e+000 0.000000e+000 0.000000e+000 0.000000e+000 0.000000e+000 0.000000e+000 2.307692e-001 0.000000e+000 0.000000e+000 0.000000e+000 0.000000e+000 0.000000e+000 0.000000e+000 0.000000e+000 0.000000e+000 0.000000e+000 0.000000e+000 0.000000e+000 0.000000e+000 0.000000e+000 0.000000e+000 0.000000e+000 5.128205e-002 0.000000e+000 
0.000000e+000 2.500000e-001 2.500000e-001 2.500000e-001 2.500000e-001 
