9.774603e-001 5.634925e-003 5.634925e-003 5.634925e-003 5.634925e-003 
5.046315e-002 2.373842e-001 2.373842e-001 2.373842e-001 2.373842e-001 
5.046315e-002 2.373842e-001 2.373842e-001 2.373842e-001 2.373842e-001 
5.046315e-002 2.373842e-001 2.373842e-001 2.373842e-001 2.373842e-001 
5.046315e-002 2.373842e-001 2.373842e-001 2.373842e-001 2.373842e-001 
0.000000e+000 0.000000e+000 8.255832e-003 0.000000e+000 0.000000e+000 0.000000e+000 6.828397e-006 0.000000e+000 0.000000e+000 0.000000e+000 0.000000e+000 0.000000e+000 0.000000e+000 0.000000e+000 5.291629e-006 0.000000e+000 0.000000e+000 0.000000e+000 0.000000e+000 0.000000e+000 0.000000e+000 0.000000e+000 0.000000e+000 0.000000e+000 0.000000e+000 0.000000e+000 0.000000e+000 0.000000e+000 0.000000e+000 0.000000e+000 3.419200e-010 0.000000e+000 
0.000000e+000 0.000000e+000 4.122089e-002 0.000000e+000 0.000000e+000 0.000000e+000 7.317026e-001 0.000000e+000 0.000000e+000 0.000000e+000 0.000000e+000 0.000000e+000 0.000000e+000 0.000000e+000 1.766138e-001 0.000000e+000 0.000000e+000 0.000000e+000 0.000000e+000 0.000000e+000 0.000000e+000 0.000000e+000 0.000000e+000 0.000000e+000 0.000000e+000 0.000000e+000 0.000000e+000 0.000000e+000 0.000000e+000 0.000000e+000 5.046277e-002 0.000000e+000 
0.000000e+000 0.000000e+000 4.122089e-002 0.000000e+000 0.000000e+000 0.000000e+000 7.317026e-001 0.000000e+000 0.000000e+000 0.000000e+000 0.000000e+000 0.000000e+000 0.000000e+000 0.000000e+000 1.766138e-001 0.000000e+000 0.000000e+000 0.000000e+000 0.000000e+000 0.000000e+000 0.000000e+000 0.000000e+000 0.000000e+000 0.000000e+000 0.000000e+000 0.000000e+000 0.000000e+000 0.000000e+000 0.000000e+000 0.000000e+000 5.046277e-002 0.000000e+000 
0.000000e+000 0.000000e+000 4.122089e-002 0.000000e+000 0.000000e+000 0.000000e+000 7.317026e-001 0.000000e+000 0.000000e+000 0.000000e+000 0.000000e+000 0.000000e+000 0.000000e+000 0.000000e+000 1.766138e-001 0.000000e+000 0.000000e+000 0.000000e+000 0.000000e+000 0.000000e+000 0.000000e+000 0.000000e+000 0.000000e+000 0.000000e+000 0.000000e+000 0.000000e+000 0.000000e+000 0.000000e+000 0.000000e+000 0.000000e+000 5.046277e-002 0.000000e+000 
0.000000e+000 0.000000e+000 4.122089e-002 0.000000e+000 0.000000e+000 0.000000e+000 7.317026e-001 0.000000e+000 0.000000e+000 0.000000e+000 0.000000e+000 0.000000e+000 0.000000e+000 0.000000e+000 1.766138e-001 0.000000e+000 0.000000e+000 0.000000e+000 0.000000e+000 0.000000e+000 0.000000e+000 0.000000e+000 0.000000e+000 0.000000e+000 0.000000e+000 0.000000e+000 0.000000e+000 0.000000e+000 0.000000e+000 0.000000e+000 5.046277e-002 0.000000e+000 
2.047889e-012 2.500000e-001 2.500000e-001 2.500000e-001 2.500000e-001 
