9.749504e-001 6.262410e-003 6.262410e-003 6.262410e-003 6.262410e-003 
4.582542e-002 2.385436e-001 2.385436e-001 2.385436e-001 2.385436e-001 
4.582542e-002 2.385436e-001 2.385436e-001 2.385436e-001 2.385436e-001 
4.582542e-002 2.385436e-001 2.385436e-001 2.385436e-001 2.385436e-001 
4.582542e-002 2.385436e-001 2.385436e-001 2.385436e-001 2.385436e-001 
3.749986e-004 0.000000e+000 2.950152e-002 0.000000e+000 0.000000e+000 0.000000e+000 2.795816e-005 0.000000e+000 0.000000e+000 0.000000e+000 0.000000e+000 0.000000e+000 0.000000e+000 0.000000e+000 5.993905e-009 0.000000e+000 0.000000e+000 0.000000e+000 0.000000e+000 0.000000e+000 0.000000e+000 0.000000e+000 0.000000e+000 0.000000e+000 0.000000e+000 0.000000e+000 0.000000e+000 0.000000e+000 0.000000e+000 0.000000e+000 2.364693e-009 0.000000e+000 
1.594813e-001 0.000000e+000 1.327459e-001 0.000000e+000 0.000000e+000 0.000000e+000 4.794508e-001 0.000000e+000 0.000000e+000 0.000000e+000 0.000000e+000 0.000000e+000 0.000000e+000 0.000000e+000 1.598255e-001 0.000000e+000 0.000000e+000 0.000000e+000 0.000000e+000 0.000000e+000 0.000000e+000 0.000000e+000 0.000000e+000 0.000000e+000 0.000000e+000 0.000000e+000 0.000000e+000 0.000000e+000 0.000000e+000 0.000000e+000 6.849663e-002 0.000000e+000 
1.594813e-001 0.000000e+000 1.327459e-001 0.000000e+000 0.000000e+000 0.000000e+000 4.794508e-001 0.000000e+000 0.000000e+000 0.000000e+000 0.000000e+000 0.000000e+000 0.000000e+000 0.000000e+000 1.598255e-001 0.000000e+000 0.000000e+000 0.000000e+000 0.000000e+000 0.000000e+000 0.000000e+000 0.000000e+000 0.000000e+000 0.000000e+000 0.000000e+000 0.000000e+000 0.000000e+000 0.000000e+000 0.000000e+000 0.000000e+000 6.849663e-002 0.000000e+000 
1.594813e-001 0.000000e+000 1.327459e-001 0.000000e+000 0.000000e+000 0.000000e+000 4.794508e-001 0.000000e+000 0.000000e+000 0.000000e+000 0.000000e+000 0.000000e+000 0.000000e+000 0.000000e+000 1.598255e-001 0.000000e+000 0.000000e+000 0.000000e+000 0.000000e+000 0.000000e+000 0.000000e+000 0.000000e+000 0.000000e+000 0.000000e+000 0.000000e+000 0.000000e+000 0.000000e+000 0.000000e+000 0.000000e+000 0.000000e+000 6.849663e-002 0.000000e+000 
1.594813e-001 0.000000e+000 1.327459e-001 0.000000e+000 0.000000e+000 0.000000e+000 4.794508e-001 0.000000e+000 0.000000e+000 0.000000e+000 0.000000e+000 0.000000e+000 0.000000e+000 0.000000e+000 1.598255e-001 0.000000e+000 0.000000e+000 0.000000e+000 0.000000e+000 0.000000e+000 0.000000e+000 0.000000e+000 0.000000e+000 0.000000e+000 0.000000e+000 0.000000e+000 0.000000e+000 0.000000e+000 0.000000e+000 0.000000e+000 6.849663e-002 0.000000e+000 
5.528778e-011 2.500000e-001 2.500000e-001 2.500000e-001 2.500000e-001 
