9.800283e-001 4.992914e-003 4.992914e-003 4.992914e-003 4.992914e-003 
5.975211e-002 2.350620e-001 2.350620e-001 2.350620e-001 2.350620e-001 
5.975211e-002 2.350620e-001 2.350620e-001 2.350620e-001 2.350620e-001 
5.975211e-002 2.350620e-001 2.350620e-001 2.350620e-001 2.350620e-001 
5.975211e-002 2.350620e-001 2.350620e-001 2.350620e-001 2.350620e-001 
3.967168e-002 0.000000e+000 2.804374e-002 0.000000e+000 0.000000e+000 0.000000e+000 1.290051e-085 0.000000e+000 0.000000e+000 0.000000e+000 0.000000e+000 0.000000e+000 0.000000e+000 0.000000e+000 6.441681e-129 0.000000e+000 0.000000e+000 0.000000e+000 0.000000e+000 0.000000e+000 0.000000e+000 0.000000e+000 0.000000e+000 0.000000e+000 0.000000e+000 0.000000e+000 0.000000e+000 0.000000e+000 0.000000e+000 0.000000e+000 2.796782e-203 0.000000e+000 
6.250433e-017 0.000000e+000 1.365504e-001 0.000000e+000 0.000000e+000 0.000000e+000 3.870636e-001 0.000000e+000 0.000000e+000 0.000000e+000 0.000000e+000 0.000000e+000 0.000000e+000 0.000000e+000 2.977413e-001 0.000000e+000 0.000000e+000 0.000000e+000 0.000000e+000 0.000000e+000 0.000000e+000 0.000000e+000 0.000000e+000 0.000000e+000 0.000000e+000 0.000000e+000 0.000000e+000 0.000000e+000 0.000000e+000 0.000000e+000 1.786448e-001 0.000000e+000 
6.250433e-017 0.000000e+000 1.365504e-001 0.000000e+000 0.000000e+000 0.000000e+000 3.870636e-001 0.000000e+000 0.000000e+000 0.000000e+000 0.000000e+000 0.000000e+000 0.000000e+000 0.000000e+000 2.977413e-001 0.000000e+000 0.000000e+000 0.000000e+000 0.000000e+000 0.000000e+000 0.000000e+000 0.000000e+000 0.000000e+000 0.000000e+000 0.000000e+000 0.000000e+000 0.000000e+000 0.000000e+000 0.000000e+000 0.000000e+000 1.786448e-001 0.000000e+000 
6.250433e-017 0.000000e+000 1.365504e-001 0.000000e+000 0.000000e+000 0.000000e+000 3.870636e-001 0.000000e+000 0.000000e+000 0.000000e+000 0.000000e+000 0.000000e+000 0.000000e+000 0.000000e+000 2.977413e-001 0.000000e+000 0.000000e+000 0.000000e+000 0.000000e+000 0.000000e+000 0.000000e+000 0.000000e+000 0.000000e+000 0.000000e+000 0.000000e+000 0.000000e+000 0.000000e+000 0.000000e+000 0.000000e+000 0.000000e+000 1.786448e-001 0.000000e+000 
6.250433e-017 0.000000e+000 1.365504e-001 0.000000e+000 0.000000e+000 0.000000e+000 3.870636e-001 0.000000e+000 0.000000e+000 0.000000e+000 0.000000e+000 0.000000e+000 0.000000e+000 0.000000e+000 2.977413e-001 0.000000e+000 0.000000e+000 0.000000e+000 0.000000e+000 0.000000e+000 0.000000e+000 0.000000e+000 0.000000e+000 0.000000e+000 0.000000e+000 0.000000e+000 0.000000e+000 0.000000e+000 0.000000e+000 0.000000e+000 1.786448e-001 0.000000e+000 
0.000000e+000 2.500000e-001 2.500000e-001 2.500000e-001 2.500000e-001 
