9.616047e-001 9.598818e-003 9.598818e-003 9.598818e-003 9.598818e-003 
9.418156e-002 2.264546e-001 2.264546e-001 2.264546e-001 2.264546e-001 
9.418156e-002 2.264546e-001 2.264546e-001 2.264546e-001 2.264546e-001 
9.418156e-002 2.264546e-001 2.264546e-001 2.264546e-001 2.264546e-001 
9.418156e-002 2.264546e-001 2.264546e-001 2.264546e-001 2.264546e-001 
8.215093e-004 0.000000e+000 1.282294e-003 0.000000e+000 0.000000e+000 0.000000e+000 3.812854e-004 0.000000e+000 0.000000e+000 0.000000e+000 0.000000e+000 0.000000e+000 0.000000e+000 0.000000e+000 1.170719e-005 0.000000e+000 0.000000e+000 0.000000e+000 0.000000e+000 0.000000e+000 0.000000e+000 0.000000e+000 0.000000e+000 0.000000e+000 0.000000e+000 0.000000e+000 0.000000e+000 0.000000e+000 0.000000e+000 0.000000e+000 0.000000e+000 0.000000e+000 
6.141149e-002 0.000000e+000 1.547907e-001 0.000000e+000 0.000000e+000 0.000000e+000 6.583065e-001 0.000000e+000 0.000000e+000 0.000000e+000 0.000000e+000 0.000000e+000 0.000000e+000 0.000000e+000 1.254914e-001 0.000000e+000 0.000000e+000 0.000000e+000 0.000000e+000 0.000000e+000 0.000000e+000 0.000000e+000 0.000000e+000 0.000000e+000 0.000000e+000 0.000000e+000 0.000000e+000 0.000000e+000 0.000000e+000 0.000000e+000 0.000000e+000 0.000000e+000 
6.141149e-002 0.000000e+000 1.547907e-001 0.000000e+000 0.000000e+000 0.000000e+000 6.583065e-001 0.000000e+000 0.000000e+000 0.000000e+000 0.000000e+000 0.000000e+000 0.000000e+000 0.000000e+000 1.254914e-001 0.000000e+000 0.000000e+000 0.000000e+000 0.000000e+000 0.000000e+000 0.000000e+000 0.000000e+000 0.000000e+000 0.000000e+000 0.000000e+000 0.000000e+000 0.000000e+000 0.000000e+000 0.000000e+000 0.000000e+000 0.000000e+000 0.000000e+000 
6.141149e-002 0.000000e+000 1.547907e-001 0.000000e+000 0.000000e+000 0.000000e+000 6.583065e-001 0.000000e+000 0.000000e+000 0.000000e+000 0.000000e+000 0.000000e+000 0.000000e+000 0.000000e+000 1.254914e-001 0.000000e+000 0.000000e+000 0.000000e+000 0.000000e+000 0.000000e+000 0.000000e+000 0.000000e+000 0.000000e+000 0.000000e+000 0.000000e+000 0.000000e+000 0.000000e+000 0.000000e+000 0.000000e+000 0.000000e+000 0.000000e+000 0.000000e+000 
6.141149e-002 0.000000e+000 1.547907e-001 0.000000e+000 0.000000e+000 0.000000e+000 6.583065e-001 0.000000e+000 0.000000e+000 0.000000e+000 0.000000e+000 0.000000e+000 0.000000e+000 0.000000e+000 1.254914e-001 0.000000e+000 0.000000e+000 0.000000e+000 0.000000e+000 0.000000e+000 0.000000e+000 0.000000e+000 0.000000e+000 0.000000e+000 0.000000e+000 0.000000e+000 0.000000e+000 0.000000e+000 0.000000e+000 0.000000e+000 0.000000e+000 0.000000e+000 
2.691466e-007 2.499999e-001 2.499999e-001 2.499999e-001 2.499999e-001 
