9.791941e-001 5.201480e-003 5.201480e-003 5.201480e-003 5.201480e-003 
5.570270e-002 2.360743e-001 2.360743e-001 2.360743e-001 2.360743e-001 
5.570270e-002 2.360743e-001 2.360743e-001 2.360743e-001 2.360743e-001 
5.570270e-002 2.360743e-001 2.360743e-001 2.360743e-001 2.360743e-001 
5.570270e-002 2.360743e-001 2.360743e-001 2.360743e-001 2.360743e-001 
8.137680e-008 0.000000e+000 1.246480e-003 0.000000e+000 0.000000e+000 0.000000e+000 1.457147e-004 0.000000e+000 0.000000e+000 0.000000e+000 0.000000e+000 0.000000e+000 0.000000e+000 0.000000e+000 4.050766e-004 0.000000e+000 0.000000e+000 0.000000e+000 0.000000e+000 0.000000e+000 0.000000e+000 0.000000e+000 0.000000e+000 0.000000e+000 0.000000e+000 0.000000e+000 0.000000e+000 0.000000e+000 0.000000e+000 0.000000e+000 2.434024e-007 0.000000e+000 
2.784453e-002 0.000000e+000 5.402030e-002 0.000000e+000 0.000000e+000 0.000000e+000 6.123869e-001 0.000000e+000 0.000000e+000 0.000000e+000 0.000000e+000 0.000000e+000 0.000000e+000 0.000000e+000 2.222147e-001 0.000000e+000 0.000000e+000 0.000000e+000 0.000000e+000 0.000000e+000 0.000000e+000 0.000000e+000 0.000000e+000 0.000000e+000 0.000000e+000 0.000000e+000 0.000000e+000 0.000000e+000 0.000000e+000 0.000000e+000 8.353358e-002 0.000000e+000 
2.784453e-002 0.000000e+000 5.402030e-002 0.000000e+000 0.000000e+000 0.000000e+000 6.123869e-001 0.000000e+000 0.000000e+000 0.000000e+000 0.000000e+000 0.000000e+000 0.000000e+000 0.000000e+000 2.222147e-001 0.000000e+000 0.000000e+000 0.000000e+000 0.000000e+000 0.000000e+000 0.000000e+000 0.000000e+000 0.000000e+000 0.000000e+000 0.000000e+000 0.000000e+000 0.000000e+000 0.000000e+000 0.000000e+000 0.000000e+000 8.353358e-002 0.000000e+000 
2.784453e-002 0.000000e+000 5.402030e-002 0.000000e+000 0.000000e+000 0.000000e+000 6.123869e-001 0.000000e+000 0.000000e+000 0.000000e+000 0.000000e+000 0.000000e+000 0.000000e+000 0.000000e+000 2.222147e-001 0.000000e+000 0.000000e+000 0.000000e+000 0.000000e+000 0.000000e+000 0.000000e+000 0.000000e+000 0.000000e+000 0.000000e+000 0.000000e+000 0.000000e+000 0.000000e+000 0.000000e+000 0.000000e+000 0.000000e+000 8.353358e-002 0.000000e+000 
2.784453e-002 0.000000e+000 5.402030e-002 0.000000e+000 0.000000e+000 0.000000e+000 6.123869e-001 0.000000e+000 0.000000e+000 0.000000e+000 0.000000e+000 0.000000e+000 0.000000e+000 0.000000e+000 2.222147e-001 0.000000e+000 0.000000e+000 0.000000e+000 0.000000e+000 0.000000e+000 0.000000e+000 0.000000e+000 0.000000e+000 0.000000e+000 0.000000e+000 0.000000e+000 0.000000e+000 0.000000e+000 0.000000e+000 0.000000e+000 8.353358e-002 0.000000e+000 
1.314820e-007 2.500000e-001 2.500000e-001 2.500000e-001 2.500000e-001 
