9.744110e-001 6.397262e-003 6.397262e-003 6.397262e-003 6.397262e-003 
4.453459e-002 2.388664e-001 2.388664e-001 2.388664e-001 2.388664e-001 
4.453459e-002 2.388664e-001 2.388664e-001 2.388664e-001 2.388664e-001 
4.453459e-002 2.388664e-001 2.388664e-001 2.388664e-001 2.388664e-001 
4.453459e-002 2.388664e-001 2.388664e-001 2.388664e-001 2.388664e-001 
1.813639e-003 0.000000e+000 6.872895e-010 0.000000e+000 0.000000e+000 0.000000e+000 1.762792e-005 0.000000e+000 0.000000e+000 0.000000e+000 0.000000e+000 0.000000e+000 0.000000e+000 0.000000e+000 3.882729e-004 0.000000e+000 0.000000e+000 0.000000e+000 0.000000e+000 0.000000e+000 0.000000e+000 0.000000e+000 0.000000e+000 0.000000e+000 0.000000e+000 0.000000e+000 0.000000e+000 0.000000e+000 0.000000e+000 0.000000e+000 1.059907e-009 0.000000e+000 
4.295193e-002 0.000000e+000 2.226515e-002 0.000000e+000 0.000000e+000 0.000000e+000 7.792648e-001 0.000000e+000 0.000000e+000 0.000000e+000 0.000000e+000 0.000000e+000 0.000000e+000 0.000000e+000 1.109878e-001 0.000000e+000 0.000000e+000 0.000000e+000 0.000000e+000 0.000000e+000 0.000000e+000 0.000000e+000 0.000000e+000 0.000000e+000 0.000000e+000 0.000000e+000 0.000000e+000 0.000000e+000 0.000000e+000 0.000000e+000 4.453029e-002 0.000000e+000 
4.295193e-002 0.000000e+000 2.226515e-002 0.000000e+000 0.000000e+000 0.000000e+000 7.792648e-001 0.000000e+000 0.000000e+000 0.000000e+000 0.000000e+000 0.000000e+000 0.000000e+000 0.000000e+000 1.109878e-001 0.000000e+000 0.000000e+000 0.000000e+000 0.000000e+000 0.000000e+000 0.000000e+000 0.000000e+000 0.000000e+000 0.000000e+000 0.000000e+000 0.000000e+000 0.000000e+000 0.000000e+000 0.000000e+000 0.000000e+000 4.453029e-002 0.000000e+000 
4.295193e-002 0.000000e+000 2.226515e-002 0.000000e+000 0.000000e+000 0.000000e+000 7.792648e-001 0.000000e+000 0.000000e+000 0.000000e+000 0.000000e+000 0.000000e+000 0.000000e+000 0.000000e+000 1.109878e-001 0.000000e+000 0.000000e+000 0.000000e+000 0.000000e+000 0.000000e+000 0.000000e+000 0.000000e+000 0.000000e+000 0.000000e+000 0.000000e+000 0.000000e+000 0.000000e+000 0.000000e+000 0.000000e+000 0.000000e+000 4.453029e-002 0.000000e+000 
4.295193e-002 0.000000e+000 2.226515e-002 0.000000e+000 0.000000e+000 0.000000e+000 7.792648e-001 0.000000e+000 0.000000e+000 0.000000e+000 0.000000e+000 0.000000e+000 0.000000e+000 0.000000e+000 1.109878e-001 0.000000e+000 0.000000e+000 0.000000e+000 0.000000e+000 0.000000e+000 0.000000e+000 0.000000e+000 0.000000e+000 0.000000e+000 0.000000e+000 0.000000e+000 0.000000e+000 0.000000e+000 0.000000e+000 0.000000e+000 4.453029e-002 0.000000e+000 
1.907501e-011 2.500000e-001 2.500000e-001 2.500000e-001 2.500000e-001 
