9.629630e-001 9.259259e-003 9.259259e-003 9.259259e-003 9.259259e-003 
1.000000e-001 2.250000e-001 2.250000e-001 2.250000e-001 2.250000e-001 
1.000000e-001 2.250000e-001 2.250000e-001 2.250000e-001 2.250000e-001 
1.000000e-001 2.250000e-001 2.250000e-001 2.250000e-001 2.250000e-001 
1.000000e-001 2.250000e-001 2.250000e-001 2.250000e-001 2.250000e-001 
3.703704e-002 0.000000e+000 6.203385e-162 0.000000e+000 0.000000e+000 0.000000e+000 1.215529e-191 0.000000e+000 0.000000e+000 0.000000e+000 0.000000e+000 0.000000e+000 0.000000e+000 0.000000e+000 1.429438e-161 0.000000e+000 0.000000e+000 0.000000e+000 0.000000e+000 0.000000e+000 0.000000e+000 0.000000e+000 0.000000e+000 0.000000e+000 0.000000e+000 0.000000e+000 0.000000e+000 0.000000e+000 0.000000e+000 0.000000e+000 6.161185e-162 0.000000e+000 
2.009283e-015 0.000000e+000 1.666667e-001 0.000000e+000 0.000000e+000 0.000000e+000 5.000000e-001 0.000000e+000 0.000000e+000 0.000000e+000 0.000000e+000 0.000000e+000 0.000000e+000 0.000000e+000 1.666667e-001 0.000000e+000 0.000000e+000 0.000000e+000 0.000000e+000 0.000000e+000 0.000000e+000 0.000000e+000 0.000000e+000 0.000000e+000 0.000000e+000 0.000000e+000 0.000000e+000 0.000000e+000 0.000000e+000 0.000000e+000 1.666667e-001 0.000000e+000 
2.009283e-015 0.000000e+000 1.666667e-001 0.000000e+000 0.000000e+000 0.000000e+000 5.000000e-001 0.000000e+000 0.000000e+000 0.000000e+000 0.000000e+000 0.000000e+000 0.000000e+000 0.000000e+000 1.666667e-001 0.000000e+000 0.000000e+000 0.000000e+000 0.000000e+000 0.000000e+000 0.000000e+000 0.000000e+000 0.000000e+000 0.000000e+000 0.000000e+000 0.000000e+000 0.000000e+000 0.000000e+000 0.000000e+000 0.000000e+000 1.666667e-001 0.000000e+000 
2.009283e-015 0.000000e+000 1.666667e-001 0.000000e+000 0.000000e+000 0.000000e+000 5.000000e-001 0.000000e+000 0.000000e+000 0.000000e+000 0.000000e+000 0.000000e+000 0.000000e+000 0.000000e+000 1.666667e-001 0.000000e+000 0.000000e+000 0.000000e+000 0.000000e+000 0.000000e+000 0.000000e+000 0.000000e+000 0.000000e+000 0.000000e+000 0.000000e+000 0.000000e+000 0.000000e+000 0.000000e+000 0.000000e+000 0.000000e+000 1.666667e-001 0.000000e+000 
2.009283e-015 0.000000e+000 1.666667e-001 0.000000e+000 0.000000e+000 0.000000e+000 5.000000e-001 0.000000e+000 0.000000e+000 0.000000e+000 0.000000e+000 0.000000e+000 0.000000e+000 0.000000e+000 1.666667e-001 0.000000e+000 0.000000e+000 0.000000e+000 0.000000e+000 0.000000e+000 0.000000e+000 0.000000e+000 0.000000e+000 0.000000e+000 0.000000e+000 0.000000e+000 0.000000e+000 0.000000e+000 0.000000e+000 0.000000e+000 1.666667e-001 0.000000e+000 
0.000000e+000 2.500000e-001 2.500000e-001 2.500000e-001 2.500000e-001 
