9.615827e-001 9.604334e-003 9.604334e-003 9.604334e-003 9.604334e-003 
9.409920e-002 2.264752e-001 2.264752e-001 2.264752e-001 2.264752e-001 
9.409920e-002 2.264752e-001 2.264752e-001 2.264752e-001 2.264752e-001 
9.409920e-002 2.264752e-001 2.264752e-001 2.264752e-001 2.264752e-001 
9.409920e-002 2.264752e-001 2.264752e-001 2.264752e-001 2.264752e-001 
8.408118e-004 0.000000e+000 3.809419e-004 0.000000e+000 0.000000e+000 0.000000e+000 7.292531e-004 0.000000e+000 0.000000e+000 0.000000e+000 0.000000e+000 0.000000e+000 0.000000e+000 0.000000e+000 3.849227e-007 0.000000e+000 0.000000e+000 0.000000e+000 0.000000e+000 0.000000e+000 0.000000e+000 0.000000e+000 0.000000e+000 0.000000e+000 0.000000e+000 0.000000e+000 0.000000e+000 0.000000e+000 0.000000e+000 0.000000e+000 0.000000e+000 0.000000e+000 
6.132585e-002 0.000000e+000 1.561258e-001 0.000000e+000 0.000000e+000 0.000000e+000 7.198498e-001 0.000000e+000 0.000000e+000 0.000000e+000 0.000000e+000 0.000000e+000 0.000000e+000 0.000000e+000 6.269858e-002 0.000000e+000 0.000000e+000 0.000000e+000 0.000000e+000 0.000000e+000 0.000000e+000 0.000000e+000 0.000000e+000 0.000000e+000 0.000000e+000 0.000000e+000 0.000000e+000 0.000000e+000 0.000000e+000 0.000000e+000 0.000000e+000 0.000000e+000 
6.132585e-002 0.000000e+000 1.561258e-001 0.000000e+000 0.000000e+000 0.000000e+000 7.198498e-001 0.000000e+000 0.000000e+000 0.000000e+000 0.000000e+000 0.000000e+000 0.000000e+000 0.000000e+000 6.269858e-002 0.000000e+000 0.000000e+000 0.000000e+000 0.000000e+000 0.000000e+000 0.000000e+000 0.000000e+000 0.000000e+000 0.000000e+000 0.000000e+000 0.000000e+000 0.000000e+000 0.000000e+000 0.000000e+000 0.000000e+000 0.000000e+000 0.000000e+000 
6.132585e-002 0.000000e+000 1.561258e-001 0.000000e+000 0.000000e+000 0.000000e+000 7.198498e-001 0.000000e+000 0.000000e+000 0.000000e+000 0.000000e+000 0.000000e+000 0.000000e+000 0.000000e+000 6.269858e-002 0.000000e+000 0.000000e+000 0.000000e+000 0.000000e+000 0.000000e+000 0.000000e+000 0.000000e+000 0.000000e+000 0.000000e+000 0.000000e+000 0.000000e+000 0.000000e+000 0.000000e+000 0.000000e+000 0.000000e+000 0.000000e+000 0.000000e+000 
6.132585e-002 0.000000e+000 1.561258e-001 0.000000e+000 0.000000e+000 0.000000e+000 7.198498e-001 0.000000e+000 0.000000e+000 0.000000e+000 0.000000e+000 0.000000e+000 0.000000e+000 0.000000e+000 6.269858e-002 0.000000e+000 0.000000e+000 0.000000e+000 0.000000e+000 0.000000e+000 0.000000e+000 0.000000e+000 0.000000e+000 0.000000e+000 0.000000e+000 0.000000e+000 0.000000e+000 0.000000e+000 0.000000e+000 0.000000e+000 0.000000e+000 0.000000e+000 
3.599631e-007 2.499999e-001 2.499999e-001 2.499999e-001 2.499999e-001 
