9.600855e-001 9.978626e-003 9.978626e-003 9.978626e-003 9.978626e-003 
8.869019e-002 2.278275e-001 2.278275e-001 2.278275e-001 2.278275e-001 
8.869019e-002 2.278275e-001 2.278275e-001 2.278275e-001 2.278275e-001 
8.869019e-002 2.278275e-001 2.278275e-001 2.278275e-001 2.278275e-001 
8.869019e-002 2.278275e-001 2.278275e-001 2.278275e-001 2.278275e-001 
1.050320e-003 0.000000e+000 7.518908e-004 0.000000e+000 0.000000e+000 0.000000e+000 1.252834e-003 0.000000e+000 0.000000e+000 0.000000e+000 0.000000e+000 0.000000e+000 0.000000e+000 0.000000e+000 4.959329e-006 0.000000e+000 0.000000e+000 0.000000e+000 0.000000e+000 0.000000e+000 0.000000e+000 0.000000e+000 0.000000e+000 0.000000e+000 0.000000e+000 0.000000e+000 0.000000e+000 0.000000e+000 0.000000e+000 0.000000e+000 7.866519e-007 0.000000e+000 
5.753396e-002 0.000000e+000 8.752133e-002 0.000000e+000 0.000000e+000 0.000000e+000 4.708661e-001 0.000000e+000 0.000000e+000 0.000000e+000 0.000000e+000 0.000000e+000 0.000000e+000 0.000000e+000 2.954443e-001 0.000000e+000 0.000000e+000 0.000000e+000 0.000000e+000 0.000000e+000 0.000000e+000 0.000000e+000 0.000000e+000 0.000000e+000 0.000000e+000 0.000000e+000 0.000000e+000 0.000000e+000 0.000000e+000 0.000000e+000 8.863432e-002 0.000000e+000 
5.753396e-002 0.000000e+000 8.752133e-002 0.000000e+000 0.000000e+000 0.000000e+000 4.708661e-001 0.000000e+000 0.000000e+000 0.000000e+000 0.000000e+000 0.000000e+000 0.000000e+000 0.000000e+000 2.954443e-001 0.000000e+000 0.000000e+000 0.000000e+000 0.000000e+000 0.000000e+000 0.000000e+000 0.000000e+000 0.000000e+000 0.000000e+000 0.000000e+000 0.000000e+000 0.000000e+000 0.000000e+000 0.000000e+000 0.000000e+000 8.863432e-002 0.000000e+000 
5.753396e-002 0.000000e+000 8.752133e-002 0.000000e+000 0.000000e+000 0.000000e+000 4.708661e-001 0.000000e+000 0.000000e+000 0.000000e+000 0.000000e+000 0.000000e+000 0.000000e+000 0.000000e+000 2.954443e-001 0.000000e+000 0.000000e+000 0.000000e+000 0.000000e+000 0.000000e+000 0.000000e+000 0.000000e+000 0.000000e+000 0.000000e+000 0.000000e+000 0.000000e+000 0.000000e+000 0.000000e+000 0.000000e+000 0.000000e+000 8.863432e-002 0.000000e+000 
5.753396e-002 0.000000e+000 8.752133e-002 0.000000e+000 0.000000e+000 0.000000e+000 4.708661e-001 0.000000e+000 0.000000e+000 0.000000e+000 0.000000e+000 0.000000e+000 0.000000e+000 0.000000e+000 2.954443e-001 0.000000e+000 0.000000e+000 0.000000e+000 0.000000e+000 0.000000e+000 0.000000e+000 0.000000e+000 0.000000e+000 0.000000e+000 0.000000e+000 0.000000e+000 0.000000e+000 0.000000e+000 0.000000e+000 0.000000e+000 8.863432e-002 0.000000e+000 
7.857994e-007 2.499998e-001 2.499998e-001 2.499998e-001 2.499998e-001 
