9.608433e-001 9.789173e-003 9.789173e-003 9.789173e-003 9.789173e-003 
9.130016e-002 2.271750e-001 2.271750e-001 2.271750e-001 2.271750e-001 
9.130016e-002 2.271750e-001 2.271750e-001 2.271750e-001 2.271750e-001 
9.130016e-002 2.271750e-001 2.271750e-001 2.271750e-001 2.271750e-001 
9.130016e-002 2.271750e-001 2.271750e-001 2.271750e-001 2.271750e-001 
0.000000e+000 0.000000e+000 1.589392e-003 0.000000e+000 0.000000e+000 0.000000e+000 4.354029e-004 0.000000e+000 0.000000e+000 0.000000e+000 0.000000e+000 0.000000e+000 0.000000e+000 0.000000e+000 3.610963e-004 0.000000e+000 0.000000e+000 0.000000e+000 0.000000e+000 0.000000e+000 0.000000e+000 0.000000e+000 0.000000e+000 0.000000e+000 0.000000e+000 0.000000e+000 0.000000e+000 0.000000e+000 0.000000e+000 0.000000e+000 3.298822e-007 0.000000e+000 
0.000000e+000 0.000000e+000 1.496060e-001 0.000000e+000 0.000000e+000 0.000000e+000 6.684632e-001 0.000000e+000 0.000000e+000 0.000000e+000 0.000000e+000 0.000000e+000 0.000000e+000 0.000000e+000 1.515159e-001 0.000000e+000 0.000000e+000 0.000000e+000 0.000000e+000 0.000000e+000 0.000000e+000 0.000000e+000 0.000000e+000 0.000000e+000 0.000000e+000 0.000000e+000 0.000000e+000 0.000000e+000 0.000000e+000 0.000000e+000 3.041495e-002 0.000000e+000 
0.000000e+000 0.000000e+000 1.496060e-001 0.000000e+000 0.000000e+000 0.000000e+000 6.684632e-001 0.000000e+000 0.000000e+000 0.000000e+000 0.000000e+000 0.000000e+000 0.000000e+000 0.000000e+000 1.515159e-001 0.000000e+000 0.000000e+000 0.000000e+000 0.000000e+000 0.000000e+000 0.000000e+000 0.000000e+000 0.000000e+000 0.000000e+000 0.000000e+000 0.000000e+000 0.000000e+000 0.000000e+000 0.000000e+000 0.000000e+000 3.041495e-002 0.000000e+000 
0.000000e+000 0.000000e+000 1.496060e-001 0.000000e+000 0.000000e+000 0.000000e+000 6.684632e-001 0.000000e+000 0.000000e+000 0.000000e+000 0.000000e+000 0.000000e+000 0.000000e+000 0.000000e+000 1.515159e-001 0.000000e+000 0.000000e+000 0.000000e+000 0.000000e+000 0.000000e+000 0.000000e+000 0.000000e+000 0.000000e+000 0.000000e+000 0.000000e+000 0.000000e+000 0.000000e+000 0.000000e+000 0.000000e+000 0.000000e+000 3.041495e-002 0.000000e+000 
0.000000e+000 0.000000e+000 1.496060e-001 0.000000e+000 0.000000e+000 0.000000e+000 6.684632e-001 0.000000e+000 0.000000e+000 0.000000e+000 0.000000e+000 0.000000e+000 0.000000e+000 0.000000e+000 1.515159e-001 0.000000e+000 0.000000e+000 0.000000e+000 0.000000e+000 0.000000e+000 0.000000e+000 0.000000e+000 0.000000e+000 0.000000e+000 0.000000e+000 0.000000e+000 0.000000e+000 0.000000e+000 0.000000e+000 0.000000e+000 3.041495e-002 0.000000e+000 
3.389671e-007 2.499999e-001 2.499999e-001 2.499999e-001 2.499999e-001 
