9.655501e-001 8.612466e-003 8.612466e-003 8.612466e-003 8.612466e-003 
1.157743e-001 2.210564e-001 2.210564e-001 2.210564e-001 2.210564e-001 
1.157743e-001 2.210564e-001 2.210564e-001 2.210564e-001 2.210564e-001 
1.157743e-001 2.210564e-001 2.210564e-001 2.210564e-001 2.210564e-001 
1.157743e-001 2.210564e-001 2.210564e-001 2.210564e-001 2.210564e-001 
2.457180e-006 0.000000e+000 8.599656e-004 0.000000e+000 0.000000e+000 0.000000e+000 5.164060e-004 0.000000e+000 0.000000e+000 0.000000e+000 0.000000e+000 0.000000e+000 0.000000e+000 0.000000e+000 1.200563e-006 0.000000e+000 0.000000e+000 0.000000e+000 0.000000e+000 0.000000e+000 0.000000e+000 0.000000e+000 0.000000e+000 0.000000e+000 0.000000e+000 0.000000e+000 0.000000e+000 0.000000e+000 0.000000e+000 0.000000e+000 0.000000e+000 0.000000e+000 
3.857497e-002 0.000000e+000 1.523949e-001 0.000000e+000 0.000000e+000 0.000000e+000 5.775500e-001 0.000000e+000 0.000000e+000 0.000000e+000 0.000000e+000 0.000000e+000 0.000000e+000 0.000000e+000 2.314802e-001 0.000000e+000 0.000000e+000 0.000000e+000 0.000000e+000 0.000000e+000 0.000000e+000 0.000000e+000 0.000000e+000 0.000000e+000 0.000000e+000 0.000000e+000 0.000000e+000 0.000000e+000 0.000000e+000 0.000000e+000 0.000000e+000 0.000000e+000 
3.857497e-002 0.000000e+000 1.523949e-001 0.000000e+000 0.000000e+000 0.000000e+000 5.775500e-001 0.000000e+000 0.000000e+000 0.000000e+000 0.000000e+000 0.000000e+000 0.000000e+000 0.000000e+000 2.314802e-001 0.000000e+000 0.000000e+000 0.000000e+000 0.000000e+000 0.000000e+000 0.000000e+000 0.000000e+000 0.000000e+000 0.000000e+000 0.000000e+000 0.000000e+000 0.000000e+000 0.000000e+000 0.000000e+000 0.000000e+000 0.000000e+000 0.000000e+000 
3.857497e-002 0.000000e+000 1.523949e-001 0.000000e+000 0.000000e+000 0.000000e+000 5.775500e-001 0.000000e+000 0.000000e+000 0.000000e+000 0.000000e+000 0.000000e+000 0.000000e+000 0.000000e+000 2.314802e-001 0.000000e+000 0.000000e+000 0.000000e+000 0.000000e+000 0.000000e+000 0.000000e+000 0.000000e+000 0.000000e+000 0.000000e+000 0.000000e+000 0.000000e+000 0.000000e+000 0.000000e+000 0.000000e+000 0.000000e+000 0.000000e+000 0.000000e+000 
3.857497e-002 0.000000e+000 1.523949e-001 0.000000e+000 0.000000e+000 0.000000e+000 5.775500e-001 0.000000e+000 0.000000e+000 0.000000e+000 0.000000e+000 0.000000e+000 0.000000e+000 0.000000e+000 2.314802e-001 0.000000e+000 0.000000e+000 0.000000e+000 0.000000e+000 0.000000e+000 0.000000e+000 0.000000e+000 0.000000e+000 0.000000e+000 0.000000e+000 0.000000e+000 0.000000e+000 0.000000e+000 0.000000e+000 0.000000e+000 0.000000e+000 0.000000e+000 
1.369194e-007 2.500000e-001 2.500000e-001 2.500000e-001 2.500000e-001 
