9.800264e-001 4.993400e-003 4.993400e-003 4.993400e-003 4.993400e-003 
5.898200e-002 2.352545e-001 2.352545e-001 2.352545e-001 2.352545e-001 
5.898200e-002 2.352545e-001 2.352545e-001 2.352545e-001 2.352545e-001 
5.898200e-002 2.352545e-001 2.352545e-001 2.352545e-001 2.352545e-001 
5.898200e-002 2.352545e-001 2.352545e-001 2.352545e-001 2.352545e-001 
1.019795e-003 0.000000e+000 5.458573e-004 0.000000e+000 0.000000e+000 0.000000e+000 1.302771e-004 0.000000e+000 0.000000e+000 0.000000e+000 0.000000e+000 0.000000e+000 0.000000e+000 0.000000e+000 3.316860e-007 0.000000e+000 0.000000e+000 0.000000e+000 0.000000e+000 0.000000e+000 0.000000e+000 0.000000e+000 0.000000e+000 0.000000e+000 0.000000e+000 0.000000e+000 0.000000e+000 0.000000e+000 0.000000e+000 0.000000e+000 5.419283e-008 0.000000e+000 
5.746488e-002 0.000000e+000 1.171357e-001 0.000000e+000 0.000000e+000 0.000000e+000 6.190019e-001 0.000000e+000 0.000000e+000 0.000000e+000 0.000000e+000 0.000000e+000 0.000000e+000 0.000000e+000 1.769122e-001 0.000000e+000 0.000000e+000 0.000000e+000 0.000000e+000 0.000000e+000 0.000000e+000 0.000000e+000 0.000000e+000 0.000000e+000 0.000000e+000 0.000000e+000 0.000000e+000 0.000000e+000 0.000000e+000 0.000000e+000 2.948536e-002 0.000000e+000 
5.746488e-002 0.000000e+000 1.171357e-001 0.000000e+000 0.000000e+000 0.000000e+000 6.190019e-001 0.000000e+000 0.000000e+000 0.000000e+000 0.000000e+000 0.000000e+000 0.000000e+000 0.000000e+000 1.769122e-001 0.000000e+000 0.000000e+000 0.000000e+000 0.000000e+000 0.000000e+000 0.000000e+000 0.000000e+000 0.000000e+000 0.000000e+000 0.000000e+000 0.000000e+000 0.000000e+000 0.000000e+000 0.000000e+000 0.000000e+000 2.948536e-002 0.000000e+000 
5.746488e-002 0.000000e+000 1.171357e-001 0.000000e+000 0.000000e+000 0.000000e+000 6.190019e-001 0.000000e+000 0.000000e+000 0.000000e+000 0.000000e+000 0.000000e+000 0.000000e+000 0.000000e+000 1.769122e-001 0.000000e+000 0.000000e+000 0.000000e+000 0.000000e+000 0.000000e+000 0.000000e+000 0.000000e+000 0.000000e+000 0.000000e+000 0.000000e+000 0.000000e+000 0.000000e+000 0.000000e+000 0.000000e+000 0.000000e+000 2.948536e-002 0.000000e+000 
5.746488e-002 0.000000e+000 1.171357e-001 0.000000e+000 0.000000e+000 0.000000e+000 6.190019e-001 0.000000e+000 0.000000e+000 0.000000e+000 0.000000e+000 0.000000e+000 0.000000e+000 0.000000e+000 1.769122e-001 0.000000e+000 0.000000e+000 0.000000e+000 0.000000e+000 0.000000e+000 0.000000e+000 0.000000e+000 0.000000e+000 0.000000e+000 0.000000e+000 0.000000e+000 0.000000e+000 0.000000e+000 0.000000e+000 0.000000e+000 2.948536e-002 0.000000e+000 
9.081775e-008 2.500000e-001 2.500000e-001 2.500000e-001 2.500000e-001 
