9.796139e-001 5.096523e-003 5.096523e-003 5.096523e-003 5.096523e-003 
5.727580e-002 2.356810e-001 2.356810e-001 2.356810e-001 2.356810e-001 
5.727580e-002 2.356810e-001 2.356810e-001 2.356810e-001 2.356810e-001 
5.727580e-002 2.356810e-001 2.356810e-001 2.356810e-001 2.356810e-001 
5.727580e-002 2.356810e-001 2.356810e-001 2.356810e-001 2.356810e-001 
1.103742e-003 0.000000e+000 1.333227e-007 0.000000e+000 0.000000e+000 0.000000e+000 4.005729e-004 0.000000e+000 0.000000e+000 0.000000e+000 0.000000e+000 0.000000e+000 0.000000e+000 0.000000e+000 2.601555e-007 0.000000e+000 0.000000e+000 0.000000e+000 0.000000e+000 0.000000e+000 0.000000e+000 0.000000e+000 0.000000e+000 0.000000e+000 0.000000e+000 0.000000e+000 0.000000e+000 0.000000e+000 0.000000e+000 0.000000e+000 0.000000e+000 0.000000e+000 
5.571283e-002 0.000000e+000 5.726348e-002 0.000000e+000 0.000000e+000 0.000000e+000 7.724967e-001 0.000000e+000 0.000000e+000 0.000000e+000 0.000000e+000 0.000000e+000 0.000000e+000 0.000000e+000 1.145270e-001 0.000000e+000 0.000000e+000 0.000000e+000 0.000000e+000 0.000000e+000 0.000000e+000 0.000000e+000 0.000000e+000 0.000000e+000 0.000000e+000 0.000000e+000 0.000000e+000 0.000000e+000 0.000000e+000 0.000000e+000 0.000000e+000 0.000000e+000 
5.571283e-002 0.000000e+000 5.726348e-002 0.000000e+000 0.000000e+000 0.000000e+000 7.724967e-001 0.000000e+000 0.000000e+000 0.000000e+000 0.000000e+000 0.000000e+000 0.000000e+000 0.000000e+000 1.145270e-001 0.000000e+000 0.000000e+000 0.000000e+000 0.000000e+000 0.000000e+000 0.000000e+000 0.000000e+000 0.000000e+000 0.000000e+000 0.000000e+000 0.000000e+000 0.000000e+000 0.000000e+000 0.000000e+000 0.000000e+000 0.000000e+000 0.000000e+000 
5.571283e-002 0.000000e+000 5.726348e-002 0.000000e+000 0.000000e+000 0.000000e+000 7.724967e-001 0.000000e+000 0.000000e+000 0.000000e+000 0.000000e+000 0.000000e+000 0.000000e+000 0.000000e+000 1.145270e-001 0.000000e+000 0.000000e+000 0.000000e+000 0.000000e+000 0.000000e+000 0.000000e+000 0.000000e+000 0.000000e+000 0.000000e+000 0.000000e+000 0.000000e+000 0.000000e+000 0.000000e+000 0.000000e+000 0.000000e+000 0.000000e+000 0.000000e+000 
5.571283e-002 0.000000e+000 5.726348e-002 0.000000e+000 0.000000e+000 0.000000e+000 7.724967e-001 0.000000e+000 0.000000e+000 0.000000e+000 0.000000e+000 0.000000e+000 0.000000e+000 0.000000e+000 1.145270e-001 0.000000e+000 0.000000e+000 0.000000e+000 0.000000e+000 0.000000e+000 0.000000e+000 0.000000e+000 0.000000e+000 0.000000e+000 0.000000e+000 0.000000e+000 0.000000e+000 0.000000e+000 0.000000e+000 0.000000e+000 0.000000e+000 0.000000e+000 
1.632365e-007 2.500000e-001 2.500000e-001 2.500000e-001 2.500000e-001 
