9.783978e-001 5.400550e-003 5.400550e-003 5.400550e-003 5.400550e-003 
5.303972e-002 2.367401e-001 2.367401e-001 2.367401e-001 2.367401e-001 
5.303972e-002 2.367401e-001 2.367401e-001 2.367401e-001 2.367401e-001 
5.303972e-002 2.367401e-001 2.367401e-001 2.367401e-001 2.367401e-001 
5.303972e-002 2.367401e-001 2.367401e-001 2.367401e-001 2.367401e-001 
6.297950e-003 0.000000e+000 6.100253e-006 0.000000e+000 0.000000e+000 0.000000e+000 7.442700e-006 0.000000e+000 0.000000e+000 0.000000e+000 0.000000e+000 0.000000e+000 0.000000e+000 0.000000e+000 7.331761e-010 0.000000e+000 0.000000e+000 0.000000e+000 0.000000e+000 0.000000e+000 0.000000e+000 0.000000e+000 0.000000e+000 0.000000e+000 0.000000e+000 0.000000e+000 0.000000e+000 0.000000e+000 0.000000e+000 0.000000e+000 3.133291e-010 0.000000e+000 
4.530768e-002 0.000000e+000 1.060713e-001 0.000000e+000 0.000000e+000 0.000000e+000 5.834241e-001 0.000000e+000 0.000000e+000 0.000000e+000 0.000000e+000 0.000000e+000 0.000000e+000 0.000000e+000 1.856378e-001 0.000000e+000 0.000000e+000 0.000000e+000 0.000000e+000 0.000000e+000 0.000000e+000 0.000000e+000 0.000000e+000 0.000000e+000 0.000000e+000 0.000000e+000 0.000000e+000 0.000000e+000 0.000000e+000 0.000000e+000 7.955908e-002 0.000000e+000 
4.530768e-002 0.000000e+000 1.060713e-001 0.000000e+000 0.000000e+000 0.000000e+000 5.834241e-001 0.000000e+000 0.000000e+000 0.000000e+000 0.000000e+000 0.000000e+000 0.000000e+000 0.000000e+000 1.856378e-001 0.000000e+000 0.000000e+000 0.000000e+000 0.000000e+000 0.000000e+000 0.000000e+000 0.000000e+000 0.000000e+000 0.000000e+000 0.000000e+000 0.000000e+000 0.000000e+000 0.000000e+000 0.000000e+000 0.000000e+000 7.955908e-002 0.000000e+000 
4.530768e-002 0.000000e+000 1.060713e-001 0.000000e+000 0.000000e+000 0.000000e+000 5.834241e-001 0.000000e+000 0.000000e+000 0.000000e+000 0.000000e+000 0.000000e+000 0.000000e+000 0.000000e+000 1.856378e-001 0.000000e+000 0.000000e+000 0.000000e+000 0.000000e+000 0.000000e+000 0.000000e+000 0.000000e+000 0.000000e+000 0.000000e+000 0.000000e+000 0.000000e+000 0.000000e+000 0.000000e+000 0.000000e+000 0.000000e+000 7.955908e-002 0.000000e+000 
4.530768e-002 0.000000e+000 1.060713e-001 0.000000e+000 0.000000e+000 0.000000e+000 5.834241e-001 0.000000e+000 0.000000e+000 0.000000e+000 0.000000e+000 0.000000e+000 0.000000e+000 0.000000e+000 1.856378e-001 0.000000e+000 0.000000e+000 0.000000e+000 0.000000e+000 0.000000e+000 0.000000e+000 0.000000e+000 0.000000e+000 0.000000e+000 0.000000e+000 0.000000e+000 0.000000e+000 0.000000e+000 0.000000e+000 0.000000e+000 7.955908e-002 0.000000e+000 
1.611661e-012 2.500000e-001 2.500000e-001 2.500000e-001 2.500000e-001 
