9.797010e-001 5.074761e-003 5.074761e-003 5.074761e-003 5.074761e-003 
5.760306e-002 2.355992e-001 2.355992e-001 2.355992e-001 2.355992e-001 
5.760306e-002 2.355992e-001 2.355992e-001 2.355992e-001 2.355992e-001 
5.760306e-002 2.355992e-001 2.355992e-001 2.355992e-001 2.355992e-001 
5.760306e-002 2.355992e-001 2.355992e-001 2.355992e-001 2.355992e-001 
5.368093e-003 0.000000e+000 4.443654e-005 0.000000e+000 0.000000e+000 0.000000e+000 1.755199e-004 0.000000e+000 0.000000e+000 0.000000e+000 0.000000e+000 0.000000e+000 0.000000e+000 0.000000e+000 7.809904e-007 0.000000e+000 0.000000e+000 0.000000e+000 0.000000e+000 0.000000e+000 0.000000e+000 0.000000e+000 0.000000e+000 0.000000e+000 0.000000e+000 0.000000e+000 0.000000e+000 0.000000e+000 0.000000e+000 0.000000e+000 1.298684e-007 0.000000e+000 
4.997855e-002 0.000000e+000 2.873497e-002 0.000000e+000 0.000000e+000 0.000000e+000 5.469134e-001 0.000000e+000 0.000000e+000 0.000000e+000 0.000000e+000 0.000000e+000 0.000000e+000 0.000000e+000 3.167772e-001 0.000000e+000 0.000000e+000 0.000000e+000 0.000000e+000 0.000000e+000 0.000000e+000 0.000000e+000 0.000000e+000 0.000000e+000 0.000000e+000 0.000000e+000 0.000000e+000 0.000000e+000 0.000000e+000 0.000000e+000 5.759587e-002 0.000000e+000 
4.997855e-002 0.000000e+000 2.873497e-002 0.000000e+000 0.000000e+000 0.000000e+000 5.469134e-001 0.000000e+000 0.000000e+000 0.000000e+000 0.000000e+000 0.000000e+000 0.000000e+000 0.000000e+000 3.167772e-001 0.000000e+000 0.000000e+000 0.000000e+000 0.000000e+000 0.000000e+000 0.000000e+000 0.000000e+000 0.000000e+000 0.000000e+000 0.000000e+000 0.000000e+000 0.000000e+000 0.000000e+000 0.000000e+000 0.000000e+000 5.759587e-002 0.000000e+000 
4.997855e-002 0.000000e+000 2.873497e-002 0.000000e+000 0.000000e+000 0.000000e+000 5.469134e-001 0.000000e+000 0.000000e+000 0.000000e+000 0.000000e+000 0.000000e+000 0.000000e+000 0.000000e+000 3.167772e-001 0.000000e+000 0.000000e+000 0.000000e+000 0.000000e+000 0.000000e+000 0.000000e+000 0.000000e+000 0.000000e+000 0.000000e+000 0.000000e+000 0.000000e+000 0.000000e+000 0.000000e+000 0.000000e+000 0.000000e+000 5.759587e-002 0.000000e+000 
4.997855e-002 0.000000e+000 2.873497e-002 0.000000e+000 0.000000e+000 0.000000e+000 5.469134e-001 0.000000e+000 0.000000e+000 0.000000e+000 0.000000e+000 0.000000e+000 0.000000e+000 0.000000e+000 3.167772e-001 0.000000e+000 0.000000e+000 0.000000e+000 0.000000e+000 0.000000e+000 0.000000e+000 0.000000e+000 0.000000e+000 0.000000e+000 0.000000e+000 0.000000e+000 0.000000e+000 0.000000e+000 0.000000e+000 0.000000e+000 5.759587e-002 0.000000e+000 
1.254578e-007 2.500000e-001 2.500000e-001 2.500000e-001 2.500000e-001 
