9.773683e-001 5.657922e-003 5.657922e-003 5.657922e-003 5.657922e-003 
5.023587e-002 2.374410e-001 2.374410e-001 2.374410e-001 2.374410e-001 
5.023587e-002 2.374410e-001 2.374410e-001 2.374410e-001 2.374410e-001 
5.023587e-002 2.374410e-001 2.374410e-001 2.374410e-001 2.374410e-001 
5.023587e-002 2.374410e-001 2.374410e-001 2.374410e-001 2.374410e-001 
4.192948e-003 0.000000e+000 0.000000e+000 0.000000e+000 0.000000e+000 0.000000e+000 4.351263e-005 0.000000e+000 0.000000e+000 0.000000e+000 0.000000e+000 0.000000e+000 0.000000e+000 0.000000e+000 4.434821e-009 0.000000e+000 0.000000e+000 0.000000e+000 0.000000e+000 0.000000e+000 0.000000e+000 0.000000e+000 0.000000e+000 0.000000e+000 0.000000e+000 0.000000e+000 0.000000e+000 0.000000e+000 0.000000e+000 0.000000e+000 0.000000e+000 0.000000e+000 
2.046390e-002 0.000000e+000 0.000000e+000 0.000000e+000 0.000000e+000 0.000000e+000 8.037133e-001 0.000000e+000 0.000000e+000 0.000000e+000 0.000000e+000 0.000000e+000 0.000000e+000 0.000000e+000 1.758228e-001 0.000000e+000 0.000000e+000 0.000000e+000 0.000000e+000 0.000000e+000 0.000000e+000 0.000000e+000 0.000000e+000 0.000000e+000 0.000000e+000 0.000000e+000 0.000000e+000 0.000000e+000 0.000000e+000 0.000000e+000 0.000000e+000 0.000000e+000 
2.046390e-002 0.000000e+000 0.000000e+000 0.000000e+000 0.000000e+000 0.000000e+000 8.037133e-001 0.000000e+000 0.000000e+000 0.000000e+000 0.000000e+000 0.000000e+000 0.000000e+000 0.000000e+000 1.758228e-001 0.000000e+000 0.000000e+000 0.000000e+000 0.000000e+000 0.000000e+000 0.000000e+000 0.000000e+000 0.000000e+000 0.000000e+000 0.000000e+000 0.000000e+000 0.000000e+000 0.000000e+000 0.000000e+000 0.000000e+000 0.000000e+000 0.000000e+000 
2.046390e-002 0.000000e+000 0.000000e+000 0.000000e+000 0.000000e+000 0.000000e+000 8.037133e-001 0.000000e+000 0.000000e+000 0.000000e+000 0.000000e+000 0.000000e+000 0.000000e+000 0.000000e+000 1.758228e-001 0.000000e+000 0.000000e+000 0.000000e+000 0.000000e+000 0.000000e+000 0.000000e+000 0.000000e+000 0.000000e+000 0.000000e+000 0.000000e+000 0.000000e+000 0.000000e+000 0.000000e+000 0.000000e+000 0.000000e+000 0.000000e+000 0.000000e+000 
2.046390e-002 0.000000e+000 0.000000e+000 0.000000e+000 0.000000e+000 0.000000e+000 8.037133e-001 0.000000e+000 0.000000e+000 0.000000e+000 0.000000e+000 0.000000e+000 0.000000e+000 0.000000e+000 1.758228e-001 0.000000e+000 0.000000e+000 0.000000e+000 0.000000e+000 0.000000e+000 0.000000e+000 0.000000e+000 0.000000e+000 0.000000e+000 0.000000e+000 0.000000e+000 0.000000e+000 0.000000e+000 0.000000e+000 0.000000e+000 0.000000e+000 0.000000e+000 
9.507827e-012 2.500000e-001 2.500000e-001 2.500000e-001 2.500000e-001 
