9.793479e-001 5.163015e-003 5.163015e-003 5.163015e-003 5.163015e-003 
5.623175e-002 2.359421e-001 2.359421e-001 2.359421e-001 2.359421e-001 
5.623175e-002 2.359421e-001 2.359421e-001 2.359421e-001 2.359421e-001 
5.623175e-002 2.359421e-001 2.359421e-001 2.359421e-001 2.359421e-001 
5.623175e-002 2.359421e-001 2.359421e-001 2.359421e-001 2.359421e-001 
2.947457e-003 0.000000e+000 5.866395e-003 0.000000e+000 0.000000e+000 0.000000e+000 1.066505e-005 0.000000e+000 0.000000e+000 0.000000e+000 0.000000e+000 0.000000e+000 0.000000e+000 0.000000e+000 4.998546e-005 0.000000e+000 0.000000e+000 0.000000e+000 0.000000e+000 0.000000e+000 0.000000e+000 0.000000e+000 0.000000e+000 0.000000e+000 0.000000e+000 0.000000e+000 0.000000e+000 0.000000e+000 0.000000e+000 0.000000e+000 7.977723e-008 0.000000e+000 
2.410037e-002 0.000000e+000 4.823958e-002 0.000000e+000 0.000000e+000 0.000000e+000 7.309343e-001 0.000000e+000 0.000000e+000 0.000000e+000 0.000000e+000 0.000000e+000 0.000000e+000 0.000000e+000 1.686124e-001 0.000000e+000 0.000000e+000 0.000000e+000 0.000000e+000 0.000000e+000 0.000000e+000 0.000000e+000 0.000000e+000 0.000000e+000 0.000000e+000 0.000000e+000 0.000000e+000 0.000000e+000 0.000000e+000 0.000000e+000 2.811331e-002 0.000000e+000 
2.410037e-002 0.000000e+000 4.823958e-002 0.000000e+000 0.000000e+000 0.000000e+000 7.309343e-001 0.000000e+000 0.000000e+000 0.000000e+000 0.000000e+000 0.000000e+000 0.000000e+000 0.000000e+000 1.686124e-001 0.000000e+000 0.000000e+000 0.000000e+000 0.000000e+000 0.000000e+000 0.000000e+000 0.000000e+000 0.000000e+000 0.000000e+000 0.000000e+000 0.000000e+000 0.000000e+000 0.000000e+000 0.000000e+000 0.000000e+000 2.811331e-002 0.000000e+000 
2.410037e-002 0.000000e+000 4.823958e-002 0.000000e+000 0.000000e+000 0.000000e+000 7.309343e-001 0.000000e+000 0.000000e+000 0.000000e+000 0.000000e+000 0.000000e+000 0.000000e+000 0.000000e+000 1.686124e-001 0.000000e+000 0.000000e+000 0.000000e+000 0.000000e+000 0.000000e+000 0.000000e+000 0.000000e+000 0.000000e+000 0.000000e+000 0.000000e+000 0.000000e+000 0.000000e+000 0.000000e+000 0.000000e+000 0.000000e+000 2.811331e-002 0.000000e+000 
2.410037e-002 0.000000e+000 4.823958e-002 0.000000e+000 0.000000e+000 0.000000e+000 7.309343e-001 0.000000e+000 0.000000e+000 0.000000e+000 0.000000e+000 0.000000e+000 0.000000e+000 0.000000e+000 1.686124e-001 0.000000e+000 0.000000e+000 0.000000e+000 0.000000e+000 0.000000e+000 0.000000e+000 0.000000e+000 0.000000e+000 0.000000e+000 0.000000e+000 0.000000e+000 0.000000e+000 0.000000e+000 0.000000e+000 0.000000e+000 2.811331e-002 0.000000e+000 
5.424680e-008 2.500000e-001 2.500000e-001 2.500000e-001 2.500000e-001 
