9.602360e-001 9.941007e-003 9.941007e-003 9.941007e-003 9.941007e-003 
8.914683e-002 2.277133e-001 2.277133e-001 2.277133e-001 2.277133e-001 
8.914683e-002 2.277133e-001 2.277133e-001 2.277133e-001 2.277133e-001 
8.914683e-002 2.277133e-001 2.277133e-001 2.277133e-001 2.277133e-001 
8.914683e-002 2.277133e-001 2.277133e-001 2.277133e-001 2.277133e-001 
4.814144e-003 0.000000e+000 2.380741e-005 0.000000e+000 0.000000e+000 0.000000e+000 1.728690e-004 0.000000e+000 0.000000e+000 0.000000e+000 0.000000e+000 0.000000e+000 0.000000e+000 0.000000e+000 1.583722e-003 0.000000e+000 0.000000e+000 0.000000e+000 0.000000e+000 0.000000e+000 0.000000e+000 0.000000e+000 0.000000e+000 0.000000e+000 0.000000e+000 0.000000e+000 0.000000e+000 0.000000e+000 0.000000e+000 0.000000e+000 5.152120e-007 0.000000e+000 
5.220660e-002 0.000000e+000 5.936790e-002 0.000000e+000 0.000000e+000 0.000000e+000 6.531799e-001 0.000000e+000 0.000000e+000 0.000000e+000 0.000000e+000 0.000000e+000 0.000000e+000 0.000000e+000 1.758429e-001 0.000000e+000 0.000000e+000 0.000000e+000 0.000000e+000 0.000000e+000 0.000000e+000 0.000000e+000 0.000000e+000 0.000000e+000 0.000000e+000 0.000000e+000 0.000000e+000 0.000000e+000 0.000000e+000 0.000000e+000 5.940272e-002 0.000000e+000 
5.220660e-002 0.000000e+000 5.936790e-002 0.000000e+000 0.000000e+000 0.000000e+000 6.531799e-001 0.000000e+000 0.000000e+000 0.000000e+000 0.000000e+000 0.000000e+000 0.000000e+000 0.000000e+000 1.758429e-001 0.000000e+000 0.000000e+000 0.000000e+000 0.000000e+000 0.000000e+000 0.000000e+000 0.000000e+000 0.000000e+000 0.000000e+000 0.000000e+000 0.000000e+000 0.000000e+000 0.000000e+000 0.000000e+000 0.000000e+000 5.940272e-002 0.000000e+000 
5.220660e-002 0.000000e+000 5.936790e-002 0.000000e+000 0.000000e+000 0.000000e+000 6.531799e-001 0.000000e+000 0.000000e+000 0.000000e+000 0.000000e+000 0.000000e+000 0.000000e+000 0.000000e+000 1.758429e-001 0.000000e+000 0.000000e+000 0.000000e+000 0.000000e+000 0.000000e+000 0.000000e+000 0.000000e+000 0.000000e+000 0.000000e+000 0.000000e+000 0.000000e+000 0.000000e+000 0.000000e+000 0.000000e+000 0.000000e+000 5.940272e-002 0.000000e+000 
5.220660e-002 0.000000e+000 5.936790e-002 0.000000e+000 0.000000e+000 0.000000e+000 6.531799e-001 0.000000e+000 0.000000e+000 0.000000e+000 0.000000e+000 0.000000e+000 0.000000e+000 0.000000e+000 1.758429e-001 0.000000e+000 0.000000e+000 0.000000e+000 0.000000e+000 0.000000e+000 0.000000e+000 0.000000e+000 0.000000e+000 0.000000e+000 0.000000e+000 0.000000e+000 0.000000e+000 0.000000e+000 0.000000e+000 0.000000e+000 5.940272e-002 0.000000e+000 
2.561246e-007 2.499999e-001 2.499999e-001 2.499999e-001 2.499999e-001 
