9.629735e-001 9.256617e-003 9.256617e-003 9.256617e-003 9.256617e-003 
1.000733e-001 2.249817e-001 2.249817e-001 2.249817e-001 2.249817e-001 
1.000733e-001 2.249817e-001 2.249817e-001 2.249817e-001 2.249817e-001 
1.000733e-001 2.249817e-001 2.249817e-001 2.249817e-001 2.249817e-001 
1.000733e-001 2.249817e-001 2.249817e-001 2.249817e-001 2.249817e-001 
2.780459e-004 0.000000e+000 1.851141e-002 0.000000e+000 0.000000e+000 0.000000e+000 6.765481e-005 0.000000e+000 0.000000e+000 0.000000e+000 0.000000e+000 0.000000e+000 0.000000e+000 0.000000e+000 1.355236e-005 0.000000e+000 0.000000e+000 0.000000e+000 0.000000e+000 0.000000e+000 0.000000e+000 0.000000e+000 0.000000e+000 0.000000e+000 0.000000e+000 0.000000e+000 0.000000e+000 0.000000e+000 0.000000e+000 0.000000e+000 1.497047e-005 0.000000e+000 
6.621059e-002 0.000000e+000 3.251046e-007 0.000000e+000 0.000000e+000 0.000000e+000 3.334361e-001 0.000000e+000 0.000000e+000 0.000000e+000 0.000000e+000 0.000000e+000 0.000000e+000 0.000000e+000 3.001778e-001 0.000000e+000 0.000000e+000 0.000000e+000 0.000000e+000 0.000000e+000 0.000000e+000 0.000000e+000 0.000000e+000 0.000000e+000 0.000000e+000 0.000000e+000 0.000000e+000 0.000000e+000 0.000000e+000 0.000000e+000 3.001752e-001 0.000000e+000 
6.621059e-002 0.000000e+000 3.251046e-007 0.000000e+000 0.000000e+000 0.000000e+000 3.334361e-001 0.000000e+000 0.000000e+000 0.000000e+000 0.000000e+000 0.000000e+000 0.000000e+000 0.000000e+000 3.001778e-001 0.000000e+000 0.000000e+000 0.000000e+000 0.000000e+000 0.000000e+000 0.000000e+000 0.000000e+000 0.000000e+000 0.000000e+000 0.000000e+000 0.000000e+000 0.000000e+000 0.000000e+000 0.000000e+000 0.000000e+000 3.001752e-001 0.000000e+000 
6.621059e-002 0.000000e+000 3.251046e-007 0.000000e+000 0.000000e+000 0.000000e+000 3.334361e-001 0.000000e+000 0.000000e+000 0.000000e+000 0.000000e+000 0.000000e+000 0.000000e+000 0.000000e+000 3.001778e-001 0.000000e+000 0.000000e+000 0.000000e+000 0.000000e+000 0.000000e+000 0.000000e+000 0.000000e+000 0.000000e+000 0.000000e+000 0.000000e+000 0.000000e+000 0.000000e+000 0.000000e+000 0.000000e+000 0.000000e+000 3.001752e-001 0.000000e+000 
6.621059e-002 0.000000e+000 3.251046e-007 0.000000e+000 0.000000e+000 0.000000e+000 3.334361e-001 0.000000e+000 0.000000e+000 0.000000e+000 0.000000e+000 0.000000e+000 0.000000e+000 0.000000e+000 3.001778e-001 0.000000e+000 0.000000e+000 0.000000e+000 0.000000e+000 0.000000e+000 0.000000e+000 0.000000e+000 0.000000e+000 0.000000e+000 0.000000e+000 0.000000e+000 0.000000e+000 0.000000e+000 0.000000e+000 0.000000e+000 3.001752e-001 0.000000e+000 
3.314045e-011 2.500000e-001 2.500000e-001 2.500000e-001 2.500000e-001 
