9.757926e-001 6.051857e-003 6.051857e-003 6.051857e-003 6.051857e-003 
4.686190e-002 2.382845e-001 2.382845e-001 2.382845e-001 2.382845e-001 
4.686190e-002 2.382845e-001 2.382845e-001 2.382845e-001 2.382845e-001 
4.686190e-002 2.382845e-001 2.382845e-001 2.382845e-001 2.382845e-001 
4.686190e-002 2.382845e-001 2.382845e-001 2.382845e-001 2.382845e-001 
7.656933e-003 0.000000e+000 1.104997e-005 0.000000e+000 0.000000e+000 0.000000e+000 1.386342e-005 0.000000e+000 0.000000e+000 0.000000e+000 0.000000e+000 0.000000e+000 0.000000e+000 0.000000e+000 3.874235e-009 0.000000e+000 0.000000e+000 0.000000e+000 0.000000e+000 0.000000e+000 0.000000e+000 0.000000e+000 0.000000e+000 0.000000e+000 0.000000e+000 0.000000e+000 0.000000e+000 0.000000e+000 0.000000e+000 0.000000e+000 0.000000e+000 0.000000e+000 
6.287422e-002 0.000000e+000 4.684680e-002 0.000000e+000 0.000000e+000 0.000000e+000 6.091340e-001 0.000000e+000 0.000000e+000 0.000000e+000 0.000000e+000 0.000000e+000 0.000000e+000 0.000000e+000 2.811450e-001 0.000000e+000 0.000000e+000 0.000000e+000 0.000000e+000 0.000000e+000 0.000000e+000 0.000000e+000 0.000000e+000 0.000000e+000 0.000000e+000 0.000000e+000 0.000000e+000 0.000000e+000 0.000000e+000 0.000000e+000 0.000000e+000 0.000000e+000 
6.287422e-002 0.000000e+000 4.684680e-002 0.000000e+000 0.000000e+000 0.000000e+000 6.091340e-001 0.000000e+000 0.000000e+000 0.000000e+000 0.000000e+000 0.000000e+000 0.000000e+000 0.000000e+000 2.811450e-001 0.000000e+000 0.000000e+000 0.000000e+000 0.000000e+000 0.000000e+000 0.000000e+000 0.000000e+000 0.000000e+000 0.000000e+000 0.000000e+000 0.000000e+000 0.000000e+000 0.000000e+000 0.000000e+000 0.000000e+000 0.000000e+000 0.000000e+000 
6.287422e-002 0.000000e+000 4.684680e-002 0.000000e+000 0.000000e+000 0.000000e+000 6.091340e-001 0.000000e+000 0.000000e+000 0.000000e+000 0.000000e+000 0.000000e+000 0.000000e+000 0.000000e+000 2.811450e-001 0.000000e+000 0.000000e+000 0.000000e+000 0.000000e+000 0.000000e+000 0.000000e+000 0.000000e+000 0.000000e+000 0.000000e+000 0.000000e+000 0.000000e+000 0.000000e+000 0.000000e+000 0.000000e+000 0.000000e+000 0.000000e+000 0.000000e+000 
6.287422e-002 0.000000e+000 4.684680e-002 0.000000e+000 0.000000e+000 0.000000e+000 6.091340e-001 0.000000e+000 0.000000e+000 0.000000e+000 0.000000e+000 0.000000e+000 0.000000e+000 0.000000e+000 2.811450e-001 0.000000e+000 0.000000e+000 0.000000e+000 0.000000e+000 0.000000e+000 0.000000e+000 0.000000e+000 0.000000e+000 0.000000e+000 0.000000e+000 0.000000e+000 0.000000e+000 0.000000e+000 0.000000e+000 0.000000e+000 0.000000e+000 0.000000e+000 
9.761519e-012 2.500000e-001 2.500000e-001 2.500000e-001 2.500000e-001 
