9.821493e-001 4.462673e-003 4.462673e-003 4.462673e-003 4.462673e-003 
7.151725e-002 2.321207e-001 2.321207e-001 2.321207e-001 2.321207e-001 
7.151725e-002 2.321207e-001 2.321207e-001 2.321207e-001 2.321207e-001 
7.151725e-002 2.321207e-001 2.321207e-001 2.321207e-001 2.321207e-001 
7.151725e-002 2.321207e-001 2.321207e-001 2.321207e-001 2.321207e-001 
3.209497e-004 0.000000e+000 9.515136e-008 0.000000e+000 0.000000e+000 0.000000e+000 2.468961e-004 0.000000e+000 0.000000e+000 0.000000e+000 0.000000e+000 0.000000e+000 0.000000e+000 0.000000e+000 1.075151e-007 0.000000e+000 0.000000e+000 0.000000e+000 0.000000e+000 0.000000e+000 0.000000e+000 0.000000e+000 0.000000e+000 0.000000e+000 0.000000e+000 0.000000e+000 0.000000e+000 0.000000e+000 0.000000e+000 0.000000e+000 0.000000e+000 0.000000e+000 
1.066218e-001 0.000000e+000 1.430195e-001 0.000000e+000 0.000000e+000 0.000000e+000 6.073392e-001 0.000000e+000 0.000000e+000 0.000000e+000 0.000000e+000 0.000000e+000 0.000000e+000 0.000000e+000 1.430195e-001 0.000000e+000 0.000000e+000 0.000000e+000 0.000000e+000 0.000000e+000 0.000000e+000 0.000000e+000 0.000000e+000 0.000000e+000 0.000000e+000 0.000000e+000 0.000000e+000 0.000000e+000 0.000000e+000 0.000000e+000 0.000000e+000 0.000000e+000 
1.066218e-001 0.000000e+000 1.430195e-001 0.000000e+000 0.000000e+000 0.000000e+000 6.073392e-001 0.000000e+000 0.000000e+000 0.000000e+000 0.000000e+000 0.000000e+000 0.000000e+000 0.000000e+000 1.430195e-001 0.000000e+000 0.000000e+000 0.000000e+000 0.000000e+000 0.000000e+000 0.000000e+000 0.000000e+000 0.000000e+000 0.000000e+000 0.000000e+000 0.000000e+000 0.000000e+000 0.000000e+000 0.000000e+000 0.000000e+000 0.000000e+000 0.000000e+000 
1.066218e-001 0.000000e+000 1.430195e-001 0.000000e+000 0.000000e+000 0.000000e+000 6.073392e-001 0.000000e+000 0.000000e+000 0.000000e+000 0.000000e+000 0.000000e+000 0.000000e+000 0.000000e+000 1.430195e-001 0.000000e+000 0.000000e+000 0.000000e+000 0.000000e+000 0.000000e+000 0.000000e+000 0.000000e+000 0.000000e+000 0.000000e+000 0.000000e+000 0.000000e+000 0.000000e+000 0.000000e+000 0.000000e+000 0.000000e+000 0.000000e+000 0.000000e+000 
1.066218e-001 0.000000e+000 1.430195e-001 0.000000e+000 0.000000e+000 0.000000e+000 6.073392e-001 0.000000e+000 0.000000e+000 0.000000e+000 0.000000e+000 0.000000e+000 0.000000e+000 0.000000e+000 1.430195e-001 0.000000e+000 0.000000e+000 0.000000e+000 0.000000e+000 0.000000e+000 0.000000e+000 0.000000e+000 0.000000e+000 0.000000e+000 0.000000e+000 0.000000e+000 0.000000e+000 0.000000e+000 0.000000e+000 0.000000e+000 0.000000e+000 0.000000e+000 
4.613125e-008 2.500000e-001 2.500000e-001 2.500000e-001 2.500000e-001 
