9.653318e-001 8.667043e-003 8.667043e-003 8.667043e-003 8.667043e-003 
1.069461e-001 2.232635e-001 2.232635e-001 2.232635e-001 2.232635e-001 
1.069461e-001 2.232635e-001 2.232635e-001 2.232635e-001 2.232635e-001 
1.069461e-001 2.232635e-001 2.232635e-001 2.232635e-001 2.232635e-001 
1.069461e-001 2.232635e-001 2.232635e-001 2.232635e-001 2.232635e-001 
4.959305e-003 0.000000e+000 1.314049e-003 0.000000e+000 0.000000e+000 0.000000e+000 9.139884e-005 0.000000e+000 0.000000e+000 0.000000e+000 0.000000e+000 0.000000e+000 0.000000e+000 0.000000e+000 3.322552e-007 0.000000e+000 0.000000e+000 0.000000e+000 0.000000e+000 0.000000e+000 0.000000e+000 0.000000e+000 0.000000e+000 0.000000e+000 0.000000e+000 0.000000e+000 0.000000e+000 0.000000e+000 0.000000e+000 0.000000e+000 2.828345e-004 0.000000e+000 
6.227715e-002 0.000000e+000 1.421136e-001 0.000000e+000 0.000000e+000 0.000000e+000 5.427955e-001 0.000000e+000 0.000000e+000 0.000000e+000 0.000000e+000 0.000000e+000 0.000000e+000 0.000000e+000 1.085957e-001 0.000000e+000 0.000000e+000 0.000000e+000 0.000000e+000 0.000000e+000 0.000000e+000 0.000000e+000 0.000000e+000 0.000000e+000 0.000000e+000 0.000000e+000 0.000000e+000 0.000000e+000 0.000000e+000 0.000000e+000 1.442180e-001 0.000000e+000 
6.227715e-002 0.000000e+000 1.421136e-001 0.000000e+000 0.000000e+000 0.000000e+000 5.427955e-001 0.000000e+000 0.000000e+000 0.000000e+000 0.000000e+000 0.000000e+000 0.000000e+000 0.000000e+000 1.085957e-001 0.000000e+000 0.000000e+000 0.000000e+000 0.000000e+000 0.000000e+000 0.000000e+000 0.000000e+000 0.000000e+000 0.000000e+000 0.000000e+000 0.000000e+000 0.000000e+000 0.000000e+000 0.000000e+000 0.000000e+000 1.442180e-001 0.000000e+000 
6.227715e-002 0.000000e+000 1.421136e-001 0.000000e+000 0.000000e+000 0.000000e+000 5.427955e-001 0.000000e+000 0.000000e+000 0.000000e+000 0.000000e+000 0.000000e+000 0.000000e+000 0.000000e+000 1.085957e-001 0.000000e+000 0.000000e+000 0.000000e+000 0.000000e+000 0.000000e+000 0.000000e+000 0.000000e+000 0.000000e+000 0.000000e+000 0.000000e+000 0.000000e+000 0.000000e+000 0.000000e+000 0.000000e+000 0.000000e+000 1.442180e-001 0.000000e+000 
6.227715e-002 0.000000e+000 1.421136e-001 0.000000e+000 0.000000e+000 0.000000e+000 5.427955e-001 0.000000e+000 0.000000e+000 0.000000e+000 0.000000e+000 0.000000e+000 0.000000e+000 0.000000e+000 1.085957e-001 0.000000e+000 0.000000e+000 0.000000e+000 0.000000e+000 0.000000e+000 0.000000e+000 0.000000e+000 0.000000e+000 0.000000e+000 0.000000e+000 0.000000e+000 0.000000e+000 0.000000e+000 0.000000e+000 0.000000e+000 1.442180e-001 0.000000e+000 
7.909055e-008 2.500000e-001 2.500000e-001 2.500000e-001 2.500000e-001 
