9.811321e-001 4.716981e-003 4.716981e-003 4.716981e-003 4.716981e-003 
6.451613e-002 2.338710e-001 2.338710e-001 2.338710e-001 2.338710e-001 
6.451613e-002 2.338710e-001 2.338710e-001 2.338710e-001 2.338710e-001 
6.451613e-002 2.338710e-001 2.338710e-001 2.338710e-001 2.338710e-001 
6.451613e-002 2.338710e-001 2.338710e-001 2.338710e-001 2.338710e-001 
7.547170e-002 0.000000e+000 0.000000e+000 0.000000e+000 0.000000e+000 0.000000e+000 1.976322e-258 0.000000e+000 0.000000e+000 0.000000e+000 0.000000e+000 0.000000e+000 0.000000e+000 0.000000e+000 1.745553e-137 0.000000e+000 0.000000e+000 0.000000e+000 0.000000e+000 0.000000e+000 0.000000e+000 0.000000e+000 0.000000e+000 0.000000e+000 0.000000e+000 0.000000e+000 0.000000e+000 0.000000e+000 0.000000e+000 0.000000e+000 0.000000e+000 0.000000e+000 
3.775554e-015 0.000000e+000 0.000000e+000 0.000000e+000 0.000000e+000 0.000000e+000 6.774194e-001 0.000000e+000 0.000000e+000 0.000000e+000 0.000000e+000 0.000000e+000 0.000000e+000 0.000000e+000 2.258065e-001 0.000000e+000 0.000000e+000 0.000000e+000 0.000000e+000 0.000000e+000 0.000000e+000 0.000000e+000 0.000000e+000 0.000000e+000 0.000000e+000 0.000000e+000 0.000000e+000 0.000000e+000 0.000000e+000 0.000000e+000 9.677419e-002 0.000000e+000 
3.775554e-015 0.000000e+000 0.000000e+000 0.000000e+000 0.000000e+000 0.000000e+000 6.774194e-001 0.000000e+000 0.000000e+000 0.000000e+000 0.000000e+000 0.000000e+000 0.000000e+000 0.000000e+000 2.258065e-001 0.000000e+000 0.000000e+000 0.000000e+000 0.000000e+000 0.000000e+000 0.000000e+000 0.000000e+000 0.000000e+000 0.000000e+000 0.000000e+000 0.000000e+000 0.000000e+000 0.000000e+000 0.000000e+000 0.000000e+000 9.677419e-002 0.000000e+000 
3.775554e-015 0.000000e+000 0.000000e+000 0.000000e+000 0.000000e+000 0.000000e+000 6.774194e-001 0.000000e+000 0.000000e+000 0.000000e+000 0.000000e+000 0.000000e+000 0.000000e+000 0.000000e+000 2.258065e-001 0.000000e+000 0.000000e+000 0.000000e+000 0.000000e+000 0.000000e+000 0.000000e+000 0.000000e+000 0.000000e+000 0.000000e+000 0.000000e+000 0.000000e+000 0.000000e+000 0.000000e+000 0.000000e+000 0.000000e+000 9.677419e-002 0.000000e+000 
3.775554e-015 0.000000e+000 0.000000e+000 0.000000e+000 0.000000e+000 0.000000e+000 6.774194e-001 0.000000e+000 0.000000e+000 0.000000e+000 0.000000e+000 0.000000e+000 0.000000e+000 0.000000e+000 2.258065e-001 0.000000e+000 0.000000e+000 0.000000e+000 0.000000e+000 0.000000e+000 0.000000e+000 0.000000e+000 0.000000e+000 0.000000e+000 0.000000e+000 0.000000e+000 0.000000e+000 0.000000e+000 0.000000e+000 0.000000e+000 9.677419e-002 0.000000e+000 
0.000000e+000 2.500000e-001 2.500000e-001 2.500000e-001 2.500000e-001 
