9.692017e-001 7.699585e-003 7.699585e-003 7.699585e-003 7.699585e-003 
9.246981e-002 2.268825e-001 2.268825e-001 2.268825e-001 2.268825e-001 
9.246981e-002 2.268825e-001 2.268825e-001 2.268825e-001 2.268825e-001 
9.246981e-002 2.268825e-001 2.268825e-001 2.268825e-001 2.268825e-001 
9.246981e-002 2.268825e-001 2.268825e-001 2.268825e-001 2.268825e-001 
1.521261e-003 0.000000e+000 8.669773e-003 0.000000e+000 0.000000e+000 0.000000e+000 6.200555e-003 0.000000e+000 0.000000e+000 0.000000e+000 0.000000e+000 0.000000e+000 0.000000e+000 0.000000e+000 6.795006e-007 0.000000e+000 0.000000e+000 0.000000e+000 0.000000e+000 0.000000e+000 0.000000e+000 0.000000e+000 0.000000e+000 0.000000e+000 0.000000e+000 0.000000e+000 0.000000e+000 0.000000e+000 0.000000e+000 0.000000e+000 7.413265e-006 0.000000e+000 
3.149461e-002 0.000000e+000 8.673734e-002 0.000000e+000 0.000000e+000 0.000000e+000 5.725013e-001 0.000000e+000 0.000000e+000 0.000000e+000 0.000000e+000 0.000000e+000 0.000000e+000 0.000000e+000 2.061868e-001 0.000000e+000 0.000000e+000 0.000000e+000 0.000000e+000 0.000000e+000 0.000000e+000 0.000000e+000 0.000000e+000 0.000000e+000 0.000000e+000 0.000000e+000 0.000000e+000 0.000000e+000 0.000000e+000 0.000000e+000 1.030800e-001 0.000000e+000 
3.149461e-002 0.000000e+000 8.673734e-002 0.000000e+000 0.000000e+000 0.000000e+000 5.725013e-001 0.000000e+000 0.000000e+000 0.000000e+000 0.000000e+000 0.000000e+000 0.000000e+000 0.000000e+000 2.061868e-001 0.000000e+000 0.000000e+000 0.000000e+000 0.000000e+000 0.000000e+000 0.000000e+000 0.000000e+000 0.000000e+000 0.000000e+000 0.000000e+000 0.000000e+000 0.000000e+000 0.000000e+000 0.000000e+000 0.000000e+000 1.030800e-001 0.000000e+000 
3.149461e-002 0.000000e+000 8.673734e-002 0.000000e+000 0.000000e+000 0.000000e+000 5.725013e-001 0.000000e+000 0.000000e+000 0.000000e+000 0.000000e+000 0.000000e+000 0.000000e+000 0.000000e+000 2.061868e-001 0.000000e+000 0.000000e+000 0.000000e+000 0.000000e+000 0.000000e+000 0.000000e+000 0.000000e+000 0.000000e+000 0.000000e+000 0.000000e+000 0.000000e+000 0.000000e+000 0.000000e+000 0.000000e+000 0.000000e+000 1.030800e-001 0.000000e+000 
3.149461e-002 0.000000e+000 8.673734e-002 0.000000e+000 0.000000e+000 0.000000e+000 5.725013e-001 0.000000e+000 0.000000e+000 0.000000e+000 0.000000e+000 0.000000e+000 0.000000e+000 0.000000e+000 2.061868e-001 0.000000e+000 0.000000e+000 0.000000e+000 0.000000e+000 0.000000e+000 0.000000e+000 0.000000e+000 0.000000e+000 0.000000e+000 0.000000e+000 0.000000e+000 0.000000e+000 0.000000e+000 0.000000e+000 0.000000e+000 1.030800e-001 0.000000e+000 
3.235086e-007 2.499999e-001 2.499999e-001 2.499999e-001 2.499999e-001 
