9.612396e-001 9.690099e-003 9.690099e-003 9.690099e-003 9.690099e-003 
1.038122e-001 2.240469e-001 2.240469e-001 2.240469e-001 2.240469e-001 
1.038122e-001 2.240469e-001 2.240469e-001 2.240469e-001 2.240469e-001 
1.038122e-001 2.240469e-001 2.240469e-001 2.240469e-001 2.240469e-001 
1.038122e-001 2.240469e-001 2.240469e-001 2.240469e-001 2.240469e-001 
0.000000e+000 0.000000e+000 1.133228e-022 0.000000e+000 0.000000e+000 0.000000e+000 9.532723e-044 0.000000e+000 0.000000e+000 0.000000e+000 0.000000e+000 0.000000e+000 0.000000e+000 0.000000e+000 3.969450e-002 0.000000e+000 0.000000e+000 0.000000e+000 0.000000e+000 0.000000e+000 0.000000e+000 0.000000e+000 0.000000e+000 0.000000e+000 0.000000e+000 0.000000e+000 0.000000e+000 0.000000e+000 0.000000e+000 0.000000e+000 5.328088e-040 0.000000e+000 
3.350020e-002 0.000000e+000 6.700041e-002 0.000000e+000 0.000000e+000 0.000000e+000 5.360032e-001 0.000000e+000 0.000000e+000 0.000000e+000 0.000000e+000 0.000000e+000 0.000000e+000 0.000000e+000 1.624949e-001 0.000000e+000 0.000000e+000 0.000000e+000 0.000000e+000 0.000000e+000 0.000000e+000 0.000000e+000 0.000000e+000 0.000000e+000 0.000000e+000 0.000000e+000 0.000000e+000 0.000000e+000 0.000000e+000 0.000000e+000 2.010012e-001 0.000000e+000 
3.350020e-002 0.000000e+000 6.700041e-002 0.000000e+000 0.000000e+000 0.000000e+000 5.360032e-001 0.000000e+000 0.000000e+000 0.000000e+000 0.000000e+000 0.000000e+000 0.000000e+000 0.000000e+000 1.624949e-001 0.000000e+000 0.000000e+000 0.000000e+000 0.000000e+000 0.000000e+000 0.000000e+000 0.000000e+000 0.000000e+000 0.000000e+000 0.000000e+000 0.000000e+000 0.000000e+000 0.000000e+000 0.000000e+000 0.000000e+000 2.010012e-001 0.000000e+000 
3.350020e-002 0.000000e+000 6.700041e-002 0.000000e+000 0.000000e+000 0.000000e+000 5.360032e-001 0.000000e+000 0.000000e+000 0.000000e+000 0.000000e+000 0.000000e+000 0.000000e+000 0.000000e+000 1.624949e-001 0.000000e+000 0.000000e+000 0.000000e+000 0.000000e+000 0.000000e+000 0.000000e+000 0.000000e+000 0.000000e+000 0.000000e+000 0.000000e+000 0.000000e+000 0.000000e+000 0.000000e+000 0.000000e+000 0.000000e+000 2.010012e-001 0.000000e+000 
3.350020e-002 0.000000e+000 6.700041e-002 0.000000e+000 0.000000e+000 0.000000e+000 5.360032e-001 0.000000e+000 0.000000e+000 0.000000e+000 0.000000e+000 0.000000e+000 0.000000e+000 0.000000e+000 1.624949e-001 0.000000e+000 0.000000e+000 0.000000e+000 0.000000e+000 0.000000e+000 0.000000e+000 0.000000e+000 0.000000e+000 0.000000e+000 0.000000e+000 0.000000e+000 0.000000e+000 0.000000e+000 0.000000e+000 0.000000e+000 2.010012e-001 0.000000e+000 
0.000000e+000 2.500000e-001 2.500000e-001 2.500000e-001 2.500000e-001 
