9.763210e-001 5.919757e-003 5.919757e-003 5.919757e-003 5.919757e-003 
4.795275e-002 2.380118e-001 2.380118e-001 2.380118e-001 2.380118e-001 
4.795275e-002 2.380118e-001 2.380118e-001 2.380118e-001 2.380118e-001 
4.795275e-002 2.380118e-001 2.380118e-001 2.380118e-001 2.380118e-001 
4.795275e-002 2.380118e-001 2.380118e-001 2.380118e-001 2.380118e-001 
3.663757e-003 0.000000e+000 2.416588e-003 0.000000e+000 0.000000e+000 0.000000e+000 3.549540e-004 0.000000e+000 0.000000e+000 0.000000e+000 0.000000e+000 0.000000e+000 0.000000e+000 0.000000e+000 2.902402e-006 0.000000e+000 0.000000e+000 0.000000e+000 0.000000e+000 0.000000e+000 0.000000e+000 0.000000e+000 0.000000e+000 0.000000e+000 0.000000e+000 0.000000e+000 0.000000e+000 0.000000e+000 0.000000e+000 0.000000e+000 6.181462e-007 0.000000e+000 
4.421811e-002 0.000000e+000 4.548154e-002 0.000000e+000 0.000000e+000 0.000000e+000 5.747963e-001 0.000000e+000 0.000000e+000 0.000000e+000 0.000000e+000 0.000000e+000 0.000000e+000 0.000000e+000 2.636102e-001 0.000000e+000 0.000000e+000 0.000000e+000 0.000000e+000 0.000000e+000 0.000000e+000 0.000000e+000 0.000000e+000 0.000000e+000 0.000000e+000 0.000000e+000 0.000000e+000 0.000000e+000 0.000000e+000 0.000000e+000 7.189386e-002 0.000000e+000 
4.421811e-002 0.000000e+000 4.548154e-002 0.000000e+000 0.000000e+000 0.000000e+000 5.747963e-001 0.000000e+000 0.000000e+000 0.000000e+000 0.000000e+000 0.000000e+000 0.000000e+000 0.000000e+000 2.636102e-001 0.000000e+000 0.000000e+000 0.000000e+000 0.000000e+000 0.000000e+000 0.000000e+000 0.000000e+000 0.000000e+000 0.000000e+000 0.000000e+000 0.000000e+000 0.000000e+000 0.000000e+000 0.000000e+000 0.000000e+000 7.189386e-002 0.000000e+000 
4.421811e-002 0.000000e+000 4.548154e-002 0.000000e+000 0.000000e+000 0.000000e+000 5.747963e-001 0.000000e+000 0.000000e+000 0.000000e+000 0.000000e+000 0.000000e+000 0.000000e+000 0.000000e+000 2.636102e-001 0.000000e+000 0.000000e+000 0.000000e+000 0.000000e+000 0.000000e+000 0.000000e+000 0.000000e+000 0.000000e+000 0.000000e+000 0.000000e+000 0.000000e+000 0.000000e+000 0.000000e+000 0.000000e+000 0.000000e+000 7.189386e-002 0.000000e+000 
4.421811e-002 0.000000e+000 4.548154e-002 0.000000e+000 0.000000e+000 0.000000e+000 5.747963e-001 0.000000e+000 0.000000e+000 0.000000e+000 0.000000e+000 0.000000e+000 0.000000e+000 0.000000e+000 2.636102e-001 0.000000e+000 0.000000e+000 0.000000e+000 0.000000e+000 0.000000e+000 0.000000e+000 0.000000e+000 0.000000e+000 0.000000e+000 0.000000e+000 0.000000e+000 0.000000e+000 0.000000e+000 0.000000e+000 0.000000e+000 7.189386e-002 0.000000e+000 
6.153127e-007 2.499998e-001 2.499998e-001 2.499998e-001 2.499998e-001 
