9.609905e-001 9.752382e-003 9.752382e-003 9.752382e-003 9.752382e-003 
9.178989e-002 2.270525e-001 2.270525e-001 2.270525e-001 2.270525e-001 
9.178989e-002 2.270525e-001 2.270525e-001 2.270525e-001 2.270525e-001 
9.178989e-002 2.270525e-001 2.270525e-001 2.270525e-001 2.270525e-001 
9.178989e-002 2.270525e-001 2.270525e-001 2.270525e-001 2.270525e-001 
4.345807e-003 0.000000e+000 9.222667e-004 0.000000e+000 0.000000e+000 0.000000e+000 2.230852e-004 0.000000e+000 0.000000e+000 0.000000e+000 0.000000e+000 0.000000e+000 0.000000e+000 0.000000e+000 6.990845e-007 0.000000e+000 0.000000e+000 0.000000e+000 0.000000e+000 0.000000e+000 0.000000e+000 0.000000e+000 0.000000e+000 0.000000e+000 0.000000e+000 0.000000e+000 0.000000e+000 0.000000e+000 0.000000e+000 0.000000e+000 4.065781e-004 0.000000e+000 
5.434833e-002 0.000000e+000 5.971990e-002 0.000000e+000 0.000000e+000 0.000000e+000 5.807360e-001 0.000000e+000 0.000000e+000 0.000000e+000 0.000000e+000 0.000000e+000 0.000000e+000 0.000000e+000 1.529163e-001 0.000000e+000 0.000000e+000 0.000000e+000 0.000000e+000 0.000000e+000 0.000000e+000 0.000000e+000 0.000000e+000 0.000000e+000 0.000000e+000 0.000000e+000 0.000000e+000 0.000000e+000 0.000000e+000 0.000000e+000 1.522795e-001 0.000000e+000 
5.434833e-002 0.000000e+000 5.971990e-002 0.000000e+000 0.000000e+000 0.000000e+000 5.807360e-001 0.000000e+000 0.000000e+000 0.000000e+000 0.000000e+000 0.000000e+000 0.000000e+000 0.000000e+000 1.529163e-001 0.000000e+000 0.000000e+000 0.000000e+000 0.000000e+000 0.000000e+000 0.000000e+000 0.000000e+000 0.000000e+000 0.000000e+000 0.000000e+000 0.000000e+000 0.000000e+000 0.000000e+000 0.000000e+000 0.000000e+000 1.522795e-001 0.000000e+000 
5.434833e-002 0.000000e+000 5.971990e-002 0.000000e+000 0.000000e+000 0.000000e+000 5.807360e-001 0.000000e+000 0.000000e+000 0.000000e+000 0.000000e+000 0.000000e+000 0.000000e+000 0.000000e+000 1.529163e-001 0.000000e+000 0.000000e+000 0.000000e+000 0.000000e+000 0.000000e+000 0.000000e+000 0.000000e+000 0.000000e+000 0.000000e+000 0.000000e+000 0.000000e+000 0.000000e+000 0.000000e+000 0.000000e+000 0.000000e+000 1.522795e-001 0.000000e+000 
5.434833e-002 0.000000e+000 5.971990e-002 0.000000e+000 0.000000e+000 0.000000e+000 5.807360e-001 0.000000e+000 0.000000e+000 0.000000e+000 0.000000e+000 0.000000e+000 0.000000e+000 0.000000e+000 1.529163e-001 0.000000e+000 0.000000e+000 0.000000e+000 0.000000e+000 0.000000e+000 0.000000e+000 0.000000e+000 0.000000e+000 0.000000e+000 0.000000e+000 0.000000e+000 0.000000e+000 0.000000e+000 0.000000e+000 0.000000e+000 1.522795e-001 0.000000e+000 
5.160859e-008 2.500000e-001 2.500000e-001 2.500000e-001 2.500000e-001 
