9.824643e-001 4.383935e-003 4.383935e-003 4.383935e-003 4.383935e-003 
7.418412e-002 2.314540e-001 2.314540e-001 2.314540e-001 2.314540e-001 
7.418412e-002 2.314540e-001 2.314540e-001 2.314540e-001 2.314540e-001 
7.418412e-002 2.314540e-001 2.314540e-001 2.314540e-001 2.314540e-001 
7.418412e-002 2.314540e-001 2.314540e-001 2.314540e-001 2.314540e-001 
0.000000e+000 0.000000e+000 2.832148e-004 0.000000e+000 0.000000e+000 0.000000e+000 9.597927e-007 0.000000e+000 0.000000e+000 0.000000e+000 0.000000e+000 0.000000e+000 0.000000e+000 0.000000e+000 3.716237e-004 0.000000e+000 0.000000e+000 0.000000e+000 0.000000e+000 0.000000e+000 0.000000e+000 0.000000e+000 0.000000e+000 0.000000e+000 0.000000e+000 0.000000e+000 0.000000e+000 0.000000e+000 0.000000e+000 0.000000e+000 6.098356e-007 0.000000e+000 
0.000000e+000 0.000000e+000 1.106663e-001 0.000000e+000 0.000000e+000 0.000000e+000 4.821480e-001 0.000000e+000 0.000000e+000 0.000000e+000 0.000000e+000 0.000000e+000 0.000000e+000 0.000000e+000 3.330101e-001 0.000000e+000 0.000000e+000 0.000000e+000 0.000000e+000 0.000000e+000 0.000000e+000 0.000000e+000 0.000000e+000 0.000000e+000 0.000000e+000 0.000000e+000 0.000000e+000 0.000000e+000 0.000000e+000 0.000000e+000 7.417564e-002 0.000000e+000 
0.000000e+000 0.000000e+000 1.106663e-001 0.000000e+000 0.000000e+000 0.000000e+000 4.821480e-001 0.000000e+000 0.000000e+000 0.000000e+000 0.000000e+000 0.000000e+000 0.000000e+000 0.000000e+000 3.330101e-001 0.000000e+000 0.000000e+000 0.000000e+000 0.000000e+000 0.000000e+000 0.000000e+000 0.000000e+000 0.000000e+000 0.000000e+000 0.000000e+000 0.000000e+000 0.000000e+000 0.000000e+000 0.000000e+000 0.000000e+000 7.417564e-002 0.000000e+000 
0.000000e+000 0.000000e+000 1.106663e-001 0.000000e+000 0.000000e+000 0.000000e+000 4.821480e-001 0.000000e+000 0.000000e+000 0.000000e+000 0.000000e+000 0.000000e+000 0.000000e+000 0.000000e+000 3.330101e-001 0.000000e+000 0.000000e+000 0.000000e+000 0.000000e+000 0.000000e+000 0.000000e+000 0.000000e+000 0.000000e+000 0.000000e+000 0.000000e+000 0.000000e+000 0.000000e+000 0.000000e+000 0.000000e+000 0.000000e+000 7.417564e-002 0.000000e+000 
0.000000e+000 0.000000e+000 1.106663e-001 0.000000e+000 0.000000e+000 0.000000e+000 4.821480e-001 0.000000e+000 0.000000e+000 0.000000e+000 0.000000e+000 0.000000e+000 0.000000e+000 0.000000e+000 3.330101e-001 0.000000e+000 0.000000e+000 0.000000e+000 0.000000e+000 0.000000e+000 0.000000e+000 0.000000e+000 0.000000e+000 0.000000e+000 0.000000e+000 0.000000e+000 0.000000e+000 0.000000e+000 0.000000e+000 0.000000e+000 7.417564e-002 0.000000e+000 
6.663955e-009 2.500000e-001 2.500000e-001 2.500000e-001 2.500000e-001 
