9.800952e-001 4.976198e-003 4.976198e-003 4.976198e-003 4.976198e-003 
5.926559e-002 2.351836e-001 2.351836e-001 2.351836e-001 2.351836e-001 
5.926559e-002 2.351836e-001 2.351836e-001 2.351836e-001 2.351836e-001 
5.926559e-002 2.351836e-001 2.351836e-001 2.351836e-001 2.351836e-001 
5.926559e-002 2.351836e-001 2.351836e-001 2.351836e-001 2.351836e-001 
2.401545e-003 0.000000e+000 2.401425e-003 0.000000e+000 0.000000e+000 0.000000e+000 1.708597e-004 0.000000e+000 0.000000e+000 0.000000e+000 0.000000e+000 0.000000e+000 0.000000e+000 0.000000e+000 6.132840e-007 0.000000e+000 0.000000e+000 0.000000e+000 0.000000e+000 0.000000e+000 0.000000e+000 0.000000e+000 0.000000e+000 0.000000e+000 0.000000e+000 0.000000e+000 0.000000e+000 0.000000e+000 0.000000e+000 0.000000e+000 1.386696e-007 0.000000e+000 
2.605398e-002 0.000000e+000 2.605415e-002 0.000000e+000 0.000000e+000 0.000000e+000 6.219673e-001 0.000000e+000 0.000000e+000 0.000000e+000 0.000000e+000 0.000000e+000 0.000000e+000 0.000000e+000 2.962951e-001 0.000000e+000 0.000000e+000 0.000000e+000 0.000000e+000 0.000000e+000 0.000000e+000 0.000000e+000 0.000000e+000 0.000000e+000 0.000000e+000 0.000000e+000 0.000000e+000 0.000000e+000 0.000000e+000 0.000000e+000 2.962940e-002 0.000000e+000 
2.605398e-002 0.000000e+000 2.605415e-002 0.000000e+000 0.000000e+000 0.000000e+000 6.219673e-001 0.000000e+000 0.000000e+000 0.000000e+000 0.000000e+000 0.000000e+000 0.000000e+000 0.000000e+000 2.962951e-001 0.000000e+000 0.000000e+000 0.000000e+000 0.000000e+000 0.000000e+000 0.000000e+000 0.000000e+000 0.000000e+000 0.000000e+000 0.000000e+000 0.000000e+000 0.000000e+000 0.000000e+000 0.000000e+000 0.000000e+000 2.962940e-002 0.000000e+000 
2.605398e-002 0.000000e+000 2.605415e-002 0.000000e+000 0.000000e+000 0.000000e+000 6.219673e-001 0.000000e+000 0.000000e+000 0.000000e+000 0.000000e+000 0.000000e+000 0.000000e+000 0.000000e+000 2.962951e-001 0.000000e+000 0.000000e+000 0.000000e+000 0.000000e+000 0.000000e+000 0.000000e+000 0.000000e+000 0.000000e+000 0.000000e+000 0.000000e+000 0.000000e+000 0.000000e+000 0.000000e+000 0.000000e+000 0.000000e+000 2.962940e-002 0.000000e+000 
2.605398e-002 0.000000e+000 2.605415e-002 0.000000e+000 0.000000e+000 0.000000e+000 6.219673e-001 0.000000e+000 0.000000e+000 0.000000e+000 0.000000e+000 0.000000e+000 0.000000e+000 0.000000e+000 2.962951e-001 0.000000e+000 0.000000e+000 0.000000e+000 0.000000e+000 0.000000e+000 0.000000e+000 0.000000e+000 0.000000e+000 0.000000e+000 0.000000e+000 0.000000e+000 0.000000e+000 0.000000e+000 0.000000e+000 0.000000e+000 2.962940e-002 0.000000e+000 
9.945535e-008 2.500000e-001 2.500000e-001 2.500000e-001 2.500000e-001 
