9.800015e-001 4.999623e-003 4.999623e-003 4.999623e-003 4.999623e-003 
5.883368e-002 2.352916e-001 2.352916e-001 2.352916e-001 2.352916e-001 
5.883368e-002 2.352916e-001 2.352916e-001 2.352916e-001 2.352916e-001 
5.883368e-002 2.352916e-001 2.352916e-001 2.352916e-001 2.352916e-001 
5.883368e-002 2.352916e-001 2.352916e-001 2.352916e-001 2.352916e-001 
1.009204e-010 0.000000e+000 8.205881e-005 0.000000e+000 0.000000e+000 0.000000e+000 2.461850e-005 0.000000e+000 0.000000e+000 0.000000e+000 0.000000e+000 0.000000e+000 0.000000e+000 0.000000e+000 2.739423e-010 0.000000e+000 0.000000e+000 0.000000e+000 0.000000e+000 0.000000e+000 0.000000e+000 0.000000e+000 0.000000e+000 0.000000e+000 0.000000e+000 0.000000e+000 0.000000e+000 0.000000e+000 0.000000e+000 0.000000e+000 0.000000e+000 0.000000e+000 
5.883276e-002 0.000000e+000 1.175448e-001 0.000000e+000 0.000000e+000 0.000000e+000 6.765405e-001 0.000000e+000 0.000000e+000 0.000000e+000 0.000000e+000 0.000000e+000 0.000000e+000 0.000000e+000 1.470819e-001 0.000000e+000 0.000000e+000 0.000000e+000 0.000000e+000 0.000000e+000 0.000000e+000 0.000000e+000 0.000000e+000 0.000000e+000 0.000000e+000 0.000000e+000 0.000000e+000 0.000000e+000 0.000000e+000 0.000000e+000 0.000000e+000 0.000000e+000 
5.883276e-002 0.000000e+000 1.175448e-001 0.000000e+000 0.000000e+000 0.000000e+000 6.765405e-001 0.000000e+000 0.000000e+000 0.000000e+000 0.000000e+000 0.000000e+000 0.000000e+000 0.000000e+000 1.470819e-001 0.000000e+000 0.000000e+000 0.000000e+000 0.000000e+000 0.000000e+000 0.000000e+000 0.000000e+000 0.000000e+000 0.000000e+000 0.000000e+000 0.000000e+000 0.000000e+000 0.000000e+000 0.000000e+000 0.000000e+000 0.000000e+000 0.000000e+000 
5.883276e-002 0.000000e+000 1.175448e-001 0.000000e+000 0.000000e+000 0.000000e+000 6.765405e-001 0.000000e+000 0.000000e+000 0.000000e+000 0.000000e+000 0.000000e+000 0.000000e+000 0.000000e+000 1.470819e-001 0.000000e+000 0.000000e+000 0.000000e+000 0.000000e+000 0.000000e+000 0.000000e+000 0.000000e+000 0.000000e+000 0.000000e+000 0.000000e+000 0.000000e+000 0.000000e+000 0.000000e+000 0.000000e+000 0.000000e+000 0.000000e+000 0.000000e+000 
5.883276e-002 0.000000e+000 1.175448e-001 0.000000e+000 0.000000e+000 0.000000e+000 6.765405e-001 0.000000e+000 0.000000e+000 0.000000e+000 0.000000e+000 0.000000e+000 0.000000e+000 0.000000e+000 1.470819e-001 0.000000e+000 0.000000e+000 0.000000e+000 0.000000e+000 0.000000e+000 0.000000e+000 0.000000e+000 0.000000e+000 0.000000e+000 0.000000e+000 0.000000e+000 0.000000e+000 0.000000e+000 0.000000e+000 0.000000e+000 0.000000e+000 0.000000e+000 
1.804303e-012 2.500000e-001 2.500000e-001 2.500000e-001 2.500000e-001 
