9.800017e-001 4.999579e-003 4.999579e-003 4.999579e-003 4.999579e-003 
5.883461e-002 2.352913e-001 2.352913e-001 2.352913e-001 2.352913e-001 
5.883461e-002 2.352913e-001 2.352913e-001 2.352913e-001 2.352913e-001 
5.883461e-002 2.352913e-001 2.352913e-001 2.352913e-001 2.352913e-001 
5.883461e-002 2.352913e-001 2.352913e-001 2.352913e-001 2.352913e-001 
5.147528e-011 0.000000e+000 8.150275e-005 0.000000e+000 0.000000e+000 0.000000e+000 4.490715e-006 0.000000e+000 0.000000e+000 0.000000e+000 0.000000e+000 0.000000e+000 0.000000e+000 0.000000e+000 3.096497e-005 0.000000e+000 0.000000e+000 0.000000e+000 0.000000e+000 0.000000e+000 0.000000e+000 0.000000e+000 0.000000e+000 0.000000e+000 0.000000e+000 0.000000e+000 0.000000e+000 0.000000e+000 0.000000e+000 0.000000e+000 5.245226e-011 0.000000e+000 
2.941682e-002 0.000000e+000 1.175474e-001 0.000000e+000 0.000000e+000 0.000000e+000 6.177467e-001 0.000000e+000 0.000000e+000 0.000000e+000 0.000000e+000 0.000000e+000 0.000000e+000 0.000000e+000 2.058722e-001 0.000000e+000 0.000000e+000 0.000000e+000 0.000000e+000 0.000000e+000 0.000000e+000 0.000000e+000 0.000000e+000 0.000000e+000 0.000000e+000 0.000000e+000 0.000000e+000 0.000000e+000 0.000000e+000 0.000000e+000 2.941682e-002 0.000000e+000 
2.941682e-002 0.000000e+000 1.175474e-001 0.000000e+000 0.000000e+000 0.000000e+000 6.177467e-001 0.000000e+000 0.000000e+000 0.000000e+000 0.000000e+000 0.000000e+000 0.000000e+000 0.000000e+000 2.058722e-001 0.000000e+000 0.000000e+000 0.000000e+000 0.000000e+000 0.000000e+000 0.000000e+000 0.000000e+000 0.000000e+000 0.000000e+000 0.000000e+000 0.000000e+000 0.000000e+000 0.000000e+000 0.000000e+000 0.000000e+000 2.941682e-002 0.000000e+000 
2.941682e-002 0.000000e+000 1.175474e-001 0.000000e+000 0.000000e+000 0.000000e+000 6.177467e-001 0.000000e+000 0.000000e+000 0.000000e+000 0.000000e+000 0.000000e+000 0.000000e+000 0.000000e+000 2.058722e-001 0.000000e+000 0.000000e+000 0.000000e+000 0.000000e+000 0.000000e+000 0.000000e+000 0.000000e+000 0.000000e+000 0.000000e+000 0.000000e+000 0.000000e+000 0.000000e+000 0.000000e+000 0.000000e+000 0.000000e+000 2.941682e-002 0.000000e+000 
2.941682e-002 0.000000e+000 1.175474e-001 0.000000e+000 0.000000e+000 0.000000e+000 6.177467e-001 0.000000e+000 0.000000e+000 0.000000e+000 0.000000e+000 0.000000e+000 0.000000e+000 0.000000e+000 2.058722e-001 0.000000e+000 0.000000e+000 0.000000e+000 0.000000e+000 0.000000e+000 0.000000e+000 0.000000e+000 0.000000e+000 0.000000e+000 0.000000e+000 0.000000e+000 0.000000e+000 0.000000e+000 0.000000e+000 0.000000e+000 2.941682e-002 0.000000e+000 
4.042215e-013 2.500000e-001 2.500000e-001 2.500000e-001 2.500000e-001 
