9.756167e-001 6.095824e-003 6.095824e-003 6.095824e-003 6.095824e-003 
4.653171e-002 2.383671e-001 2.383671e-001 2.383671e-001 2.383671e-001 
4.653171e-002 2.383671e-001 2.383671e-001 2.383671e-001 2.383671e-001 
4.653171e-002 2.383671e-001 2.383671e-001 2.383671e-001 2.383671e-001 
4.653171e-002 2.383671e-001 2.383671e-001 2.383671e-001 2.383671e-001 
2.886949e-004 0.000000e+000 3.620297e-010 0.000000e+000 0.000000e+000 0.000000e+000 1.061763e-004 0.000000e+000 0.000000e+000 0.000000e+000 0.000000e+000 0.000000e+000 0.000000e+000 0.000000e+000 3.280700e-009 0.000000e+000 0.000000e+000 0.000000e+000 0.000000e+000 0.000000e+000 0.000000e+000 0.000000e+000 0.000000e+000 0.000000e+000 0.000000e+000 0.000000e+000 0.000000e+000 0.000000e+000 0.000000e+000 0.000000e+000 1.626611e-009 0.000000e+000 
1.160474e-001 0.000000e+000 2.326458e-002 0.000000e+000 0.000000e+000 0.000000e+000 5.349839e-001 0.000000e+000 0.000000e+000 0.000000e+000 0.000000e+000 0.000000e+000 0.000000e+000 0.000000e+000 2.093812e-001 0.000000e+000 0.000000e+000 0.000000e+000 0.000000e+000 0.000000e+000 0.000000e+000 0.000000e+000 0.000000e+000 0.000000e+000 0.000000e+000 0.000000e+000 0.000000e+000 0.000000e+000 0.000000e+000 0.000000e+000 1.163229e-001 0.000000e+000 
1.160474e-001 0.000000e+000 2.326458e-002 0.000000e+000 0.000000e+000 0.000000e+000 5.349839e-001 0.000000e+000 0.000000e+000 0.000000e+000 0.000000e+000 0.000000e+000 0.000000e+000 0.000000e+000 2.093812e-001 0.000000e+000 0.000000e+000 0.000000e+000 0.000000e+000 0.000000e+000 0.000000e+000 0.000000e+000 0.000000e+000 0.000000e+000 0.000000e+000 0.000000e+000 0.000000e+000 0.000000e+000 0.000000e+000 0.000000e+000 1.163229e-001 0.000000e+000 
1.160474e-001 0.000000e+000 2.326458e-002 0.000000e+000 0.000000e+000 0.000000e+000 5.349839e-001 0.000000e+000 0.000000e+000 0.000000e+000 0.000000e+000 0.000000e+000 0.000000e+000 0.000000e+000 2.093812e-001 0.000000e+000 0.000000e+000 0.000000e+000 0.000000e+000 0.000000e+000 0.000000e+000 0.000000e+000 0.000000e+000 0.000000e+000 0.000000e+000 0.000000e+000 0.000000e+000 0.000000e+000 0.000000e+000 0.000000e+000 1.163229e-001 0.000000e+000 
1.160474e-001 0.000000e+000 2.326458e-002 0.000000e+000 0.000000e+000 0.000000e+000 5.349839e-001 0.000000e+000 0.000000e+000 0.000000e+000 0.000000e+000 0.000000e+000 0.000000e+000 0.000000e+000 2.093812e-001 0.000000e+000 0.000000e+000 0.000000e+000 0.000000e+000 0.000000e+000 0.000000e+000 0.000000e+000 0.000000e+000 0.000000e+000 0.000000e+000 0.000000e+000 0.000000e+000 0.000000e+000 0.000000e+000 0.000000e+000 1.163229e-001 0.000000e+000 
6.877242e-011 2.500000e-001 2.500000e-001 2.500000e-001 2.500000e-001 
