9.473684e-001 1.315789e-002 1.315789e-002 1.315789e-002 1.315789e-002 
6.521739e-002 2.336957e-001 2.336957e-001 2.336957e-001 2.336957e-001 
6.521739e-002 2.336957e-001 2.336957e-001 2.336957e-001 2.336957e-001 
6.521739e-002 2.336957e-001 2.336957e-001 2.336957e-001 2.336957e-001 
6.521739e-002 2.336957e-001 2.336957e-001 2.336957e-001 2.336957e-001 
5.263158e-002 0.000000e+000 1.946092e-066 0.000000e+000 0.000000e+000 0.000000e+000 3.568885e-182 0.000000e+000 0.000000e+000 0.000000e+000 0.000000e+000 0.000000e+000 0.000000e+000 0.000000e+000 7.772375e-063 0.000000e+000 0.000000e+000 0.000000e+000 0.000000e+000 0.000000e+000 0.000000e+000 0.000000e+000 0.000000e+000 0.000000e+000 0.000000e+000 0.000000e+000 0.000000e+000 0.000000e+000 0.000000e+000 0.000000e+000 0.000000e+000 0.000000e+000 
8.158696e-016 0.000000e+000 6.521739e-002 0.000000e+000 0.000000e+000 0.000000e+000 7.826087e-001 0.000000e+000 0.000000e+000 0.000000e+000 0.000000e+000 0.000000e+000 0.000000e+000 0.000000e+000 1.304348e-001 0.000000e+000 0.000000e+000 0.000000e+000 0.000000e+000 0.000000e+000 0.000000e+000 0.000000e+000 0.000000e+000 0.000000e+000 0.000000e+000 0.000000e+000 0.000000e+000 0.000000e+000 0.000000e+000 0.000000e+000 2.173913e-002 0.000000e+000 
8.158696e-016 0.000000e+000 6.521739e-002 0.000000e+000 0.000000e+000 0.000000e+000 7.826087e-001 0.000000e+000 0.000000e+000 0.000000e+000 0.000000e+000 0.000000e+000 0.000000e+000 0.000000e+000 1.304348e-001 0.000000e+000 0.000000e+000 0.000000e+000 0.000000e+000 0.000000e+000 0.000000e+000 0.000000e+000 0.000000e+000 0.000000e+000 0.000000e+000 0.000000e+000 0.000000e+000 0.000000e+000 0.000000e+000 0.000000e+000 2.173913e-002 0.000000e+000 
8.158696e-016 0.000000e+000 6.521739e-002 0.000000e+000 0.000000e+000 0.000000e+000 7.826087e-001 0.000000e+000 0.000000e+000 0.000000e+000 0.000000e+000 0.000000e+000 0.000000e+000 0.000000e+000 1.304348e-001 0.000000e+000 0.000000e+000 0.000000e+000 0.000000e+000 0.000000e+000 0.000000e+000 0.000000e+000 0.000000e+000 0.000000e+000 0.000000e+000 0.000000e+000 0.000000e+000 0.000000e+000 0.000000e+000 0.000000e+000 2.173913e-002 0.000000e+000 
8.158696e-016 0.000000e+000 6.521739e-002 0.000000e+000 0.000000e+000 0.000000e+000 7.826087e-001 0.000000e+000 0.000000e+000 0.000000e+000 0.000000e+000 0.000000e+000 0.000000e+000 0.000000e+000 1.304348e-001 0.000000e+000 0.000000e+000 0.000000e+000 0.000000e+000 0.000000e+000 0.000000e+000 0.000000e+000 0.000000e+000 0.000000e+000 0.000000e+000 0.000000e+000 0.000000e+000 0.000000e+000 0.000000e+000 0.000000e+000 2.173913e-002 0.000000e+000 
0.000000e+000 2.500000e-001 2.500000e-001 2.500000e-001 2.500000e-001 
