9.782609e-001 5.434783e-003 5.434783e-003 5.434783e-003 5.434783e-003 
5.263158e-002 2.368421e-001 2.368421e-001 2.368421e-001 2.368421e-001 
5.263158e-002 2.368421e-001 2.368421e-001 2.368421e-001 2.368421e-001 
5.263158e-002 2.368421e-001 2.368421e-001 2.368421e-001 2.368421e-001 
5.263158e-002 2.368421e-001 2.368421e-001 2.368421e-001 2.368421e-001 
8.695652e-002 0.000000e+000 0.000000e+000 0.000000e+000 0.000000e+000 0.000000e+000 3.160005e-036 0.000000e+000 0.000000e+000 0.000000e+000 0.000000e+000 0.000000e+000 0.000000e+000 0.000000e+000 1.668840e-095 0.000000e+000 0.000000e+000 0.000000e+000 0.000000e+000 0.000000e+000 0.000000e+000 0.000000e+000 0.000000e+000 0.000000e+000 0.000000e+000 0.000000e+000 0.000000e+000 0.000000e+000 0.000000e+000 0.000000e+000 8.257825e-096 0.000000e+000 
1.132120e-017 0.000000e+000 0.000000e+000 0.000000e+000 0.000000e+000 0.000000e+000 8.157895e-001 0.000000e+000 0.000000e+000 0.000000e+000 0.000000e+000 0.000000e+000 0.000000e+000 0.000000e+000 1.578947e-001 0.000000e+000 0.000000e+000 0.000000e+000 0.000000e+000 0.000000e+000 0.000000e+000 0.000000e+000 0.000000e+000 0.000000e+000 0.000000e+000 0.000000e+000 0.000000e+000 0.000000e+000 0.000000e+000 0.000000e+000 2.631579e-002 0.000000e+000 
1.132120e-017 0.000000e+000 0.000000e+000 0.000000e+000 0.000000e+000 0.000000e+000 8.157895e-001 0.000000e+000 0.000000e+000 0.000000e+000 0.000000e+000 0.000000e+000 0.000000e+000 0.000000e+000 1.578947e-001 0.000000e+000 0.000000e+000 0.000000e+000 0.000000e+000 0.000000e+000 0.000000e+000 0.000000e+000 0.000000e+000 0.000000e+000 0.000000e+000 0.000000e+000 0.000000e+000 0.000000e+000 0.000000e+000 0.000000e+000 2.631579e-002 0.000000e+000 
1.132120e-017 0.000000e+000 0.000000e+000 0.000000e+000 0.000000e+000 0.000000e+000 8.157895e-001 0.000000e+000 0.000000e+000 0.000000e+000 0.000000e+000 0.000000e+000 0.000000e+000 0.000000e+000 1.578947e-001 0.000000e+000 0.000000e+000 0.000000e+000 0.000000e+000 0.000000e+000 0.000000e+000 0.000000e+000 0.000000e+000 0.000000e+000 0.000000e+000 0.000000e+000 0.000000e+000 0.000000e+000 0.000000e+000 0.000000e+000 2.631579e-002 0.000000e+000 
1.132120e-017 0.000000e+000 0.000000e+000 0.000000e+000 0.000000e+000 0.000000e+000 8.157895e-001 0.000000e+000 0.000000e+000 0.000000e+000 0.000000e+000 0.000000e+000 0.000000e+000 0.000000e+000 1.578947e-001 0.000000e+000 0.000000e+000 0.000000e+000 0.000000e+000 0.000000e+000 0.000000e+000 0.000000e+000 0.000000e+000 0.000000e+000 0.000000e+000 0.000000e+000 0.000000e+000 0.000000e+000 0.000000e+000 0.000000e+000 2.631579e-002 0.000000e+000 
0.000000e+000 2.500000e-001 2.500000e-001 2.500000e-001 2.500000e-001 
