9.773702e-001 5.657454e-003 5.657454e-003 5.657454e-003 5.657454e-003 
5.030048e-002 2.374249e-001 2.374249e-001 2.374249e-001 2.374249e-001 
5.030048e-002 2.374249e-001 2.374249e-001 2.374249e-001 2.374249e-001 
5.030048e-002 2.374249e-001 2.374249e-001 2.374249e-001 2.374249e-001 
5.030048e-002 2.374249e-001 2.374249e-001 2.374249e-001 2.374249e-001 
1.614212e-003 0.000000e+000 3.428701e-003 0.000000e+000 0.000000e+000 0.000000e+000 1.117542e-005 0.000000e+000 0.000000e+000 0.000000e+000 0.000000e+000 0.000000e+000 0.000000e+000 0.000000e+000 1.664008e-006 0.000000e+000 0.000000e+000 0.000000e+000 0.000000e+000 0.000000e+000 0.000000e+000 0.000000e+000 0.000000e+000 0.000000e+000 0.000000e+000 0.000000e+000 0.000000e+000 0.000000e+000 0.000000e+000 0.000000e+000 4.270874e-007 0.000000e+000 
7.362692e-002 0.000000e+000 1.218906e-001 0.000000e+000 0.000000e+000 0.000000e+000 5.530794e-001 0.000000e+000 0.000000e+000 0.000000e+000 0.000000e+000 0.000000e+000 0.000000e+000 0.000000e+000 1.759819e-001 0.000000e+000 0.000000e+000 0.000000e+000 0.000000e+000 0.000000e+000 0.000000e+000 0.000000e+000 0.000000e+000 0.000000e+000 0.000000e+000 0.000000e+000 0.000000e+000 0.000000e+000 0.000000e+000 0.000000e+000 7.542114e-002 0.000000e+000 
7.362692e-002 0.000000e+000 1.218906e-001 0.000000e+000 0.000000e+000 0.000000e+000 5.530794e-001 0.000000e+000 0.000000e+000 0.000000e+000 0.000000e+000 0.000000e+000 0.000000e+000 0.000000e+000 1.759819e-001 0.000000e+000 0.000000e+000 0.000000e+000 0.000000e+000 0.000000e+000 0.000000e+000 0.000000e+000 0.000000e+000 0.000000e+000 0.000000e+000 0.000000e+000 0.000000e+000 0.000000e+000 0.000000e+000 0.000000e+000 7.542114e-002 0.000000e+000 
7.362692e-002 0.000000e+000 1.218906e-001 0.000000e+000 0.000000e+000 0.000000e+000 5.530794e-001 0.000000e+000 0.000000e+000 0.000000e+000 0.000000e+000 0.000000e+000 0.000000e+000 0.000000e+000 1.759819e-001 0.000000e+000 0.000000e+000 0.000000e+000 0.000000e+000 0.000000e+000 0.000000e+000 0.000000e+000 0.000000e+000 0.000000e+000 0.000000e+000 0.000000e+000 0.000000e+000 0.000000e+000 0.000000e+000 0.000000e+000 7.542114e-002 0.000000e+000 
7.362692e-002 0.000000e+000 1.218906e-001 0.000000e+000 0.000000e+000 0.000000e+000 5.530794e-001 0.000000e+000 0.000000e+000 0.000000e+000 0.000000e+000 0.000000e+000 0.000000e+000 0.000000e+000 1.759819e-001 0.000000e+000 0.000000e+000 0.000000e+000 0.000000e+000 0.000000e+000 0.000000e+000 0.000000e+000 0.000000e+000 0.000000e+000 0.000000e+000 0.000000e+000 0.000000e+000 0.000000e+000 0.000000e+000 0.000000e+000 7.542114e-002 0.000000e+000 
1.596113e-007 2.500000e-001 2.500000e-001 2.500000e-001 2.500000e-001 
