9.750397e-001 6.240083e-003 6.240083e-003 6.240083e-003 6.240083e-003 
4.553307e-002 2.386167e-001 2.386167e-001 2.386167e-001 2.386167e-001 
4.553307e-002 2.386167e-001 2.386167e-001 2.386167e-001 2.386167e-001 
4.553307e-002 2.386167e-001 2.386167e-001 2.386167e-001 2.386167e-001 
4.553307e-002 2.386167e-001 2.386167e-001 2.386167e-001 2.386167e-001 
1.766458e-003 0.000000e+000 3.307720e-006 0.000000e+000 0.000000e+000 0.000000e+000 1.500459e-005 0.000000e+000 0.000000e+000 0.000000e+000 0.000000e+000 0.000000e+000 0.000000e+000 0.000000e+000 4.534730e-009 0.000000e+000 0.000000e+000 0.000000e+000 0.000000e+000 0.000000e+000 0.000000e+000 0.000000e+000 0.000000e+000 0.000000e+000 0.000000e+000 0.000000e+000 0.000000e+000 0.000000e+000 0.000000e+000 0.000000e+000 4.104135e-010 0.000000e+000 
1.349743e-001 0.000000e+000 2.276126e-002 0.000000e+000 0.000000e+000 0.000000e+000 6.373860e-001 0.000000e+000 0.000000e+000 0.000000e+000 0.000000e+000 0.000000e+000 0.000000e+000 0.000000e+000 1.821142e-001 0.000000e+000 0.000000e+000 0.000000e+000 0.000000e+000 0.000000e+000 0.000000e+000 0.000000e+000 0.000000e+000 0.000000e+000 0.000000e+000 0.000000e+000 0.000000e+000 0.000000e+000 0.000000e+000 0.000000e+000 2.276427e-002 0.000000e+000 
1.349743e-001 0.000000e+000 2.276126e-002 0.000000e+000 0.000000e+000 0.000000e+000 6.373860e-001 0.000000e+000 0.000000e+000 0.000000e+000 0.000000e+000 0.000000e+000 0.000000e+000 0.000000e+000 1.821142e-001 0.000000e+000 0.000000e+000 0.000000e+000 0.000000e+000 0.000000e+000 0.000000e+000 0.000000e+000 0.000000e+000 0.000000e+000 0.000000e+000 0.000000e+000 0.000000e+000 0.000000e+000 0.000000e+000 0.000000e+000 2.276427e-002 0.000000e+000 
1.349743e-001 0.000000e+000 2.276126e-002 0.000000e+000 0.000000e+000 0.000000e+000 6.373860e-001 0.000000e+000 0.000000e+000 0.000000e+000 0.000000e+000 0.000000e+000 0.000000e+000 0.000000e+000 1.821142e-001 0.000000e+000 0.000000e+000 0.000000e+000 0.000000e+000 0.000000e+000 0.000000e+000 0.000000e+000 0.000000e+000 0.000000e+000 0.000000e+000 0.000000e+000 0.000000e+000 0.000000e+000 0.000000e+000 0.000000e+000 2.276427e-002 0.000000e+000 
1.349743e-001 0.000000e+000 2.276126e-002 0.000000e+000 0.000000e+000 0.000000e+000 6.373860e-001 0.000000e+000 0.000000e+000 0.000000e+000 0.000000e+000 0.000000e+000 0.000000e+000 0.000000e+000 1.821142e-001 0.000000e+000 0.000000e+000 0.000000e+000 0.000000e+000 0.000000e+000 0.000000e+000 0.000000e+000 0.000000e+000 0.000000e+000 0.000000e+000 0.000000e+000 0.000000e+000 0.000000e+000 0.000000e+000 0.000000e+000 2.276427e-002 0.000000e+000 
1.323780e-011 2.500000e-001 2.500000e-001 2.500000e-001 2.500000e-001 
