9.807926e-001 4.801841e-003 4.801841e-003 4.801841e-003 4.801841e-003 
6.266360e-002 2.343341e-001 2.343341e-001 2.343341e-001 2.343341e-001 
6.266360e-002 2.343341e-001 2.343341e-001 2.343341e-001 2.343341e-001 
6.266360e-002 2.343341e-001 2.343341e-001 2.343341e-001 2.343341e-001 
6.266360e-002 2.343341e-001 2.343341e-001 2.343341e-001 2.343341e-001 
1.018960e-003 0.000000e+000 3.671612e-004 0.000000e+000 0.000000e+000 0.000000e+000 1.266554e-004 0.000000e+000 0.000000e+000 0.000000e+000 0.000000e+000 0.000000e+000 0.000000e+000 0.000000e+000 3.502648e-007 0.000000e+000 0.000000e+000 0.000000e+000 0.000000e+000 0.000000e+000 0.000000e+000 0.000000e+000 0.000000e+000 0.000000e+000 0.000000e+000 0.000000e+000 0.000000e+000 0.000000e+000 0.000000e+000 0.000000e+000 2.037088e-007 0.000000e+000 
6.099190e-002 0.000000e+000 1.247096e-001 0.000000e+000 0.000000e+000 0.000000e+000 4.697007e-001 0.000000e+000 0.000000e+000 0.000000e+000 0.000000e+000 0.000000e+000 0.000000e+000 0.000000e+000 1.879624e-001 0.000000e+000 0.000000e+000 0.000000e+000 0.000000e+000 0.000000e+000 0.000000e+000 0.000000e+000 0.000000e+000 0.000000e+000 0.000000e+000 0.000000e+000 0.000000e+000 0.000000e+000 0.000000e+000 0.000000e+000 1.566354e-001 0.000000e+000 
6.099190e-002 0.000000e+000 1.247096e-001 0.000000e+000 0.000000e+000 0.000000e+000 4.697007e-001 0.000000e+000 0.000000e+000 0.000000e+000 0.000000e+000 0.000000e+000 0.000000e+000 0.000000e+000 1.879624e-001 0.000000e+000 0.000000e+000 0.000000e+000 0.000000e+000 0.000000e+000 0.000000e+000 0.000000e+000 0.000000e+000 0.000000e+000 0.000000e+000 0.000000e+000 0.000000e+000 0.000000e+000 0.000000e+000 0.000000e+000 1.566354e-001 0.000000e+000 
6.099190e-002 0.000000e+000 1.247096e-001 0.000000e+000 0.000000e+000 0.000000e+000 4.697007e-001 0.000000e+000 0.000000e+000 0.000000e+000 0.000000e+000 0.000000e+000 0.000000e+000 0.000000e+000 1.879624e-001 0.000000e+000 0.000000e+000 0.000000e+000 0.000000e+000 0.000000e+000 0.000000e+000 0.000000e+000 0.000000e+000 0.000000e+000 0.000000e+000 0.000000e+000 0.000000e+000 0.000000e+000 0.000000e+000 0.000000e+000 1.566354e-001 0.000000e+000 
6.099190e-002 0.000000e+000 1.247096e-001 0.000000e+000 0.000000e+000 0.000000e+000 4.697007e-001 0.000000e+000 0.000000e+000 0.000000e+000 0.000000e+000 0.000000e+000 0.000000e+000 0.000000e+000 1.879624e-001 0.000000e+000 0.000000e+000 0.000000e+000 0.000000e+000 0.000000e+000 0.000000e+000 0.000000e+000 0.000000e+000 0.000000e+000 0.000000e+000 0.000000e+000 0.000000e+000 0.000000e+000 0.000000e+000 0.000000e+000 1.566354e-001 0.000000e+000 
7.089969e-008 2.500000e-001 2.500000e-001 2.500000e-001 2.500000e-001 
