9.800242e-001 4.993945e-003 4.993945e-003 4.993945e-003 4.993945e-003 
5.897277e-002 2.352568e-001 2.352568e-001 2.352568e-001 2.352568e-001 
5.897277e-002 2.352568e-001 2.352568e-001 2.352568e-001 2.352568e-001 
5.897277e-002 2.352568e-001 2.352568e-001 2.352568e-001 2.352568e-001 
5.897277e-002 2.352568e-001 2.352568e-001 2.352568e-001 2.352568e-001 
1.012076e-003 0.000000e+000 4.343754e-004 0.000000e+000 0.000000e+000 0.000000e+000 1.427101e-004 0.000000e+000 0.000000e+000 0.000000e+000 0.000000e+000 0.000000e+000 0.000000e+000 0.000000e+000 3.574842e-007 0.000000e+000 0.000000e+000 0.000000e+000 0.000000e+000 0.000000e+000 0.000000e+000 0.000000e+000 0.000000e+000 0.000000e+000 0.000000e+000 0.000000e+000 0.000000e+000 0.000000e+000 0.000000e+000 0.000000e+000 1.647301e-007 0.000000e+000 
5.746737e-002 0.000000e+000 1.467627e-001 0.000000e+000 0.000000e+000 0.000000e+000 5.304436e-001 0.000000e+000 0.000000e+000 0.000000e+000 0.000000e+000 0.000000e+000 0.000000e+000 0.000000e+000 1.768842e-001 0.000000e+000 0.000000e+000 0.000000e+000 0.000000e+000 0.000000e+000 0.000000e+000 0.000000e+000 0.000000e+000 0.000000e+000 0.000000e+000 0.000000e+000 0.000000e+000 0.000000e+000 0.000000e+000 0.000000e+000 8.844214e-002 0.000000e+000 
5.746737e-002 0.000000e+000 1.467627e-001 0.000000e+000 0.000000e+000 0.000000e+000 5.304436e-001 0.000000e+000 0.000000e+000 0.000000e+000 0.000000e+000 0.000000e+000 0.000000e+000 0.000000e+000 1.768842e-001 0.000000e+000 0.000000e+000 0.000000e+000 0.000000e+000 0.000000e+000 0.000000e+000 0.000000e+000 0.000000e+000 0.000000e+000 0.000000e+000 0.000000e+000 0.000000e+000 0.000000e+000 0.000000e+000 0.000000e+000 8.844214e-002 0.000000e+000 
5.746737e-002 0.000000e+000 1.467627e-001 0.000000e+000 0.000000e+000 0.000000e+000 5.304436e-001 0.000000e+000 0.000000e+000 0.000000e+000 0.000000e+000 0.000000e+000 0.000000e+000 0.000000e+000 1.768842e-001 0.000000e+000 0.000000e+000 0.000000e+000 0.000000e+000 0.000000e+000 0.000000e+000 0.000000e+000 0.000000e+000 0.000000e+000 0.000000e+000 0.000000e+000 0.000000e+000 0.000000e+000 0.000000e+000 0.000000e+000 8.844214e-002 0.000000e+000 
5.746737e-002 0.000000e+000 1.467627e-001 0.000000e+000 0.000000e+000 0.000000e+000 5.304436e-001 0.000000e+000 0.000000e+000 0.000000e+000 0.000000e+000 0.000000e+000 0.000000e+000 0.000000e+000 1.768842e-001 0.000000e+000 0.000000e+000 0.000000e+000 0.000000e+000 0.000000e+000 0.000000e+000 0.000000e+000 0.000000e+000 0.000000e+000 0.000000e+000 0.000000e+000 0.000000e+000 0.000000e+000 0.000000e+000 0.000000e+000 8.844214e-002 0.000000e+000 
1.003940e-007 2.500000e-001 2.500000e-001 2.500000e-001 2.500000e-001 
