9.637110e-001 9.072239e-003 9.072239e-003 9.072239e-003 9.072239e-003 
1.039904e-001 2.240024e-001 2.240024e-001 2.240024e-001 2.240024e-001 
1.039904e-001 2.240024e-001 2.240024e-001 2.240024e-001 2.240024e-001 
1.039904e-001 2.240024e-001 2.240024e-001 2.240024e-001 2.240024e-001 
1.039904e-001 2.240024e-001 2.240024e-001 2.240024e-001 2.240024e-001 
0.000000e+000 0.000000e+000 1.916706e-003 0.000000e+000 0.000000e+000 0.000000e+000 4.811118e-004 0.000000e+000 0.000000e+000 0.000000e+000 0.000000e+000 0.000000e+000 0.000000e+000 0.000000e+000 1.174444e-006 0.000000e+000 0.000000e+000 0.000000e+000 0.000000e+000 0.000000e+000 0.000000e+000 0.000000e+000 0.000000e+000 0.000000e+000 0.000000e+000 0.000000e+000 0.000000e+000 0.000000e+000 0.000000e+000 0.000000e+000 1.644677e-004 0.000000e+000 
0.000000e+000 0.000000e+000 1.002927e-001 0.000000e+000 0.000000e+000 0.000000e+000 3.455973e-001 0.000000e+000 0.000000e+000 0.000000e+000 0.000000e+000 0.000000e+000 0.000000e+000 0.000000e+000 2.425594e-001 0.000000e+000 0.000000e+000 0.000000e+000 0.000000e+000 0.000000e+000 0.000000e+000 0.000000e+000 0.000000e+000 0.000000e+000 0.000000e+000 0.000000e+000 0.000000e+000 0.000000e+000 0.000000e+000 0.000000e+000 3.115507e-001 0.000000e+000 
0.000000e+000 0.000000e+000 1.002927e-001 0.000000e+000 0.000000e+000 0.000000e+000 3.455973e-001 0.000000e+000 0.000000e+000 0.000000e+000 0.000000e+000 0.000000e+000 0.000000e+000 0.000000e+000 2.425594e-001 0.000000e+000 0.000000e+000 0.000000e+000 0.000000e+000 0.000000e+000 0.000000e+000 0.000000e+000 0.000000e+000 0.000000e+000 0.000000e+000 0.000000e+000 0.000000e+000 0.000000e+000 0.000000e+000 0.000000e+000 3.115507e-001 0.000000e+000 
0.000000e+000 0.000000e+000 1.002927e-001 0.000000e+000 0.000000e+000 0.000000e+000 3.455973e-001 0.000000e+000 0.000000e+000 0.000000e+000 0.000000e+000 0.000000e+000 0.000000e+000 0.000000e+000 2.425594e-001 0.000000e+000 0.000000e+000 0.000000e+000 0.000000e+000 0.000000e+000 0.000000e+000 0.000000e+000 0.000000e+000 0.000000e+000 0.000000e+000 0.000000e+000 0.000000e+000 0.000000e+000 0.000000e+000 0.000000e+000 3.115507e-001 0.000000e+000 
0.000000e+000 0.000000e+000 1.002927e-001 0.000000e+000 0.000000e+000 0.000000e+000 3.455973e-001 0.000000e+000 0.000000e+000 0.000000e+000 0.000000e+000 0.000000e+000 0.000000e+000 0.000000e+000 2.425594e-001 0.000000e+000 0.000000e+000 0.000000e+000 0.000000e+000 0.000000e+000 0.000000e+000 0.000000e+000 0.000000e+000 0.000000e+000 0.000000e+000 0.000000e+000 0.000000e+000 0.000000e+000 0.000000e+000 0.000000e+000 3.115507e-001 0.000000e+000 
2.546856e-007 2.499999e-001 2.499999e-001 2.499999e-001 2.499999e-001 
