9.787282e-001 5.317951e-003 5.317951e-003 5.317951e-003 5.317951e-003 
5.407441e-002 2.364814e-001 2.364814e-001 2.364814e-001 2.364814e-001 
5.407441e-002 2.364814e-001 2.364814e-001 2.364814e-001 2.364814e-001 
5.407441e-002 2.364814e-001 2.364814e-001 2.364814e-001 2.364814e-001 
5.407441e-002 2.364814e-001 2.364814e-001 2.364814e-001 2.364814e-001 
2.343707e-004 0.000000e+000 1.321530e-008 0.000000e+000 0.000000e+000 0.000000e+000 4.179711e-005 0.000000e+000 0.000000e+000 0.000000e+000 0.000000e+000 0.000000e+000 0.000000e+000 0.000000e+000 5.385439e-010 0.000000e+000 0.000000e+000 0.000000e+000 0.000000e+000 0.000000e+000 0.000000e+000 0.000000e+000 0.000000e+000 0.000000e+000 0.000000e+000 0.000000e+000 0.000000e+000 0.000000e+000 0.000000e+000 0.000000e+000 0.000000e+000 0.000000e+000 
8.081164e-002 0.000000e+000 1.622191e-001 0.000000e+000 0.000000e+000 0.000000e+000 5.947502e-001 0.000000e+000 0.000000e+000 0.000000e+000 0.000000e+000 0.000000e+000 0.000000e+000 0.000000e+000 1.622191e-001 0.000000e+000 0.000000e+000 0.000000e+000 0.000000e+000 0.000000e+000 0.000000e+000 0.000000e+000 0.000000e+000 0.000000e+000 0.000000e+000 0.000000e+000 0.000000e+000 0.000000e+000 0.000000e+000 0.000000e+000 0.000000e+000 0.000000e+000 
8.081164e-002 0.000000e+000 1.622191e-001 0.000000e+000 0.000000e+000 0.000000e+000 5.947502e-001 0.000000e+000 0.000000e+000 0.000000e+000 0.000000e+000 0.000000e+000 0.000000e+000 0.000000e+000 1.622191e-001 0.000000e+000 0.000000e+000 0.000000e+000 0.000000e+000 0.000000e+000 0.000000e+000 0.000000e+000 0.000000e+000 0.000000e+000 0.000000e+000 0.000000e+000 0.000000e+000 0.000000e+000 0.000000e+000 0.000000e+000 0.000000e+000 0.000000e+000 
8.081164e-002 0.000000e+000 1.622191e-001 0.000000e+000 0.000000e+000 0.000000e+000 5.947502e-001 0.000000e+000 0.000000e+000 0.000000e+000 0.000000e+000 0.000000e+000 0.000000e+000 0.000000e+000 1.622191e-001 0.000000e+000 0.000000e+000 0.000000e+000 0.000000e+000 0.000000e+000 0.000000e+000 0.000000e+000 0.000000e+000 0.000000e+000 0.000000e+000 0.000000e+000 0.000000e+000 0.000000e+000 0.000000e+000 0.000000e+000 0.000000e+000 0.000000e+000 
8.081164e-002 0.000000e+000 1.622191e-001 0.000000e+000 0.000000e+000 0.000000e+000 5.947502e-001 0.000000e+000 0.000000e+000 0.000000e+000 0.000000e+000 0.000000e+000 0.000000e+000 0.000000e+000 1.622191e-001 0.000000e+000 0.000000e+000 0.000000e+000 0.000000e+000 0.000000e+000 0.000000e+000 0.000000e+000 0.000000e+000 0.000000e+000 0.000000e+000 0.000000e+000 0.000000e+000 0.000000e+000 0.000000e+000 0.000000e+000 0.000000e+000 0.000000e+000 
6.300711e-012 2.500000e-001 2.500000e-001 2.500000e-001 2.500000e-001 
