9.618076e-001 9.548095e-003 9.548095e-003 9.548095e-003 9.548095e-003 
1.019215e-001 2.245196e-001 2.245196e-001 2.245196e-001 2.245196e-001 
1.019215e-001 2.245196e-001 2.245196e-001 2.245196e-001 2.245196e-001 
1.019215e-001 2.245196e-001 2.245196e-001 2.245196e-001 2.245196e-001 
1.019215e-001 2.245196e-001 2.245196e-001 2.245196e-001 2.245196e-001 
8.179447e-004 0.000000e+000 0.000000e+000 0.000000e+000 0.000000e+000 0.000000e+000 1.758780e-008 0.000000e+000 0.000000e+000 0.000000e+000 0.000000e+000 0.000000e+000 0.000000e+000 0.000000e+000 1.504730e-016 0.000000e+000 0.000000e+000 0.000000e+000 0.000000e+000 0.000000e+000 0.000000e+000 0.000000e+000 0.000000e+000 0.000000e+000 0.000000e+000 0.000000e+000 0.000000e+000 0.000000e+000 0.000000e+000 0.000000e+000 3.561491e-002 0.000000e+000 
9.841755e-002 0.000000e+000 0.000000e+000 0.000000e+000 0.000000e+000 0.000000e+000 5.993236e-001 0.000000e+000 0.000000e+000 0.000000e+000 0.000000e+000 0.000000e+000 0.000000e+000 0.000000e+000 1.997745e-001 0.000000e+000 0.000000e+000 0.000000e+000 0.000000e+000 0.000000e+000 0.000000e+000 0.000000e+000 0.000000e+000 0.000000e+000 0.000000e+000 0.000000e+000 0.000000e+000 0.000000e+000 0.000000e+000 0.000000e+000 1.024844e-001 0.000000e+000 
9.841755e-002 0.000000e+000 0.000000e+000 0.000000e+000 0.000000e+000 0.000000e+000 5.993236e-001 0.000000e+000 0.000000e+000 0.000000e+000 0.000000e+000 0.000000e+000 0.000000e+000 0.000000e+000 1.997745e-001 0.000000e+000 0.000000e+000 0.000000e+000 0.000000e+000 0.000000e+000 0.000000e+000 0.000000e+000 0.000000e+000 0.000000e+000 0.000000e+000 0.000000e+000 0.000000e+000 0.000000e+000 0.000000e+000 0.000000e+000 1.024844e-001 0.000000e+000 
9.841755e-002 0.000000e+000 0.000000e+000 0.000000e+000 0.000000e+000 0.000000e+000 5.993236e-001 0.000000e+000 0.000000e+000 0.000000e+000 0.000000e+000 0.000000e+000 0.000000e+000 0.000000e+000 1.997745e-001 0.000000e+000 0.000000e+000 0.000000e+000 0.000000e+000 0.000000e+000 0.000000e+000 0.000000e+000 0.000000e+000 0.000000e+000 0.000000e+000 0.000000e+000 0.000000e+000 0.000000e+000 0.000000e+000 0.000000e+000 1.024844e-001 0.000000e+000 
9.841755e-002 0.000000e+000 0.000000e+000 0.000000e+000 0.000000e+000 0.000000e+000 5.993236e-001 0.000000e+000 0.000000e+000 0.000000e+000 0.000000e+000 0.000000e+000 0.000000e+000 0.000000e+000 1.997745e-001 0.000000e+000 0.000000e+000 0.000000e+000 0.000000e+000 0.000000e+000 0.000000e+000 0.000000e+000 0.000000e+000 0.000000e+000 0.000000e+000 0.000000e+000 0.000000e+000 0.000000e+000 0.000000e+000 0.000000e+000 1.024844e-001 0.000000e+000 
5.874998e-048 2.500000e-001 2.500000e-001 2.500000e-001 2.500000e-001 
