9.804121e-001 4.896982e-003 4.896982e-003 4.896982e-003 4.896982e-003 
6.074393e-002 2.348140e-001 2.348140e-001 2.348140e-001 2.348140e-001 
6.074393e-002 2.348140e-001 2.348140e-001 2.348140e-001 2.348140e-001 
6.074393e-002 2.348140e-001 2.348140e-001 2.348140e-001 2.348140e-001 
6.074393e-002 2.348140e-001 2.348140e-001 2.348140e-001 2.348140e-001 
8.982991e-004 0.000000e+000 3.164818e-004 0.000000e+000 0.000000e+000 0.000000e+000 1.414216e-004 0.000000e+000 0.000000e+000 0.000000e+000 0.000000e+000 0.000000e+000 0.000000e+000 0.000000e+000 2.343879e-007 0.000000e+000 0.000000e+000 0.000000e+000 0.000000e+000 0.000000e+000 0.000000e+000 0.000000e+000 0.000000e+000 0.000000e+000 0.000000e+000 0.000000e+000 0.000000e+000 0.000000e+000 0.000000e+000 0.000000e+000 1.885829e-007 0.000000e+000 
5.934048e-002 0.000000e+000 1.817099e-001 0.000000e+000 0.000000e+000 0.000000e+000 4.856492e-001 0.000000e+000 0.000000e+000 0.000000e+000 0.000000e+000 0.000000e+000 0.000000e+000 0.000000e+000 1.518336e-001 0.000000e+000 0.000000e+000 0.000000e+000 0.000000e+000 0.000000e+000 0.000000e+000 0.000000e+000 0.000000e+000 0.000000e+000 0.000000e+000 0.000000e+000 0.000000e+000 0.000000e+000 0.000000e+000 0.000000e+000 1.214668e-001 0.000000e+000 
5.934048e-002 0.000000e+000 1.817099e-001 0.000000e+000 0.000000e+000 0.000000e+000 4.856492e-001 0.000000e+000 0.000000e+000 0.000000e+000 0.000000e+000 0.000000e+000 0.000000e+000 0.000000e+000 1.518336e-001 0.000000e+000 0.000000e+000 0.000000e+000 0.000000e+000 0.000000e+000 0.000000e+000 0.000000e+000 0.000000e+000 0.000000e+000 0.000000e+000 0.000000e+000 0.000000e+000 0.000000e+000 0.000000e+000 0.000000e+000 1.214668e-001 0.000000e+000 
5.934048e-002 0.000000e+000 1.817099e-001 0.000000e+000 0.000000e+000 0.000000e+000 4.856492e-001 0.000000e+000 0.000000e+000 0.000000e+000 0.000000e+000 0.000000e+000 0.000000e+000 0.000000e+000 1.518336e-001 0.000000e+000 0.000000e+000 0.000000e+000 0.000000e+000 0.000000e+000 0.000000e+000 0.000000e+000 0.000000e+000 0.000000e+000 0.000000e+000 0.000000e+000 0.000000e+000 0.000000e+000 0.000000e+000 0.000000e+000 1.214668e-001 0.000000e+000 
5.934048e-002 0.000000e+000 1.817099e-001 0.000000e+000 0.000000e+000 0.000000e+000 4.856492e-001 0.000000e+000 0.000000e+000 0.000000e+000 0.000000e+000 0.000000e+000 0.000000e+000 0.000000e+000 1.518336e-001 0.000000e+000 0.000000e+000 0.000000e+000 0.000000e+000 0.000000e+000 0.000000e+000 0.000000e+000 0.000000e+000 0.000000e+000 0.000000e+000 0.000000e+000 0.000000e+000 0.000000e+000 0.000000e+000 0.000000e+000 1.214668e-001 0.000000e+000 
8.665816e-008 2.500000e-001 2.500000e-001 2.500000e-001 2.500000e-001 
