9.804145e-001 4.896368e-003 4.896368e-003 4.896368e-003 4.896368e-003 
6.075633e-002 2.348109e-001 2.348109e-001 2.348109e-001 2.348109e-001 
6.075633e-002 2.348109e-001 2.348109e-001 2.348109e-001 2.348109e-001 
6.075633e-002 2.348109e-001 2.348109e-001 2.348109e-001 2.348109e-001 
6.075633e-002 2.348109e-001 2.348109e-001 2.348109e-001 2.348109e-001 
0.000000e+000 0.000000e+000 1.372052e-003 0.000000e+000 0.000000e+000 0.000000e+000 1.140285e-004 0.000000e+000 0.000000e+000 0.000000e+000 0.000000e+000 0.000000e+000 0.000000e+000 0.000000e+000 3.024867e-007 0.000000e+000 0.000000e+000 0.000000e+000 0.000000e+000 0.000000e+000 0.000000e+000 0.000000e+000 0.000000e+000 0.000000e+000 0.000000e+000 0.000000e+000 0.000000e+000 0.000000e+000 0.000000e+000 0.000000e+000 1.409364e-007 0.000000e+000 
0.000000e+000 0.000000e+000 1.801090e-001 0.000000e+000 0.000000e+000 0.000000e+000 5.465355e-001 0.000000e+000 0.000000e+000 0.000000e+000 0.000000e+000 0.000000e+000 0.000000e+000 0.000000e+000 1.822370e-001 0.000000e+000 0.000000e+000 0.000000e+000 0.000000e+000 0.000000e+000 0.000000e+000 0.000000e+000 0.000000e+000 0.000000e+000 0.000000e+000 0.000000e+000 0.000000e+000 0.000000e+000 0.000000e+000 0.000000e+000 9.111852e-002 0.000000e+000 
0.000000e+000 0.000000e+000 1.801090e-001 0.000000e+000 0.000000e+000 0.000000e+000 5.465355e-001 0.000000e+000 0.000000e+000 0.000000e+000 0.000000e+000 0.000000e+000 0.000000e+000 0.000000e+000 1.822370e-001 0.000000e+000 0.000000e+000 0.000000e+000 0.000000e+000 0.000000e+000 0.000000e+000 0.000000e+000 0.000000e+000 0.000000e+000 0.000000e+000 0.000000e+000 0.000000e+000 0.000000e+000 0.000000e+000 0.000000e+000 9.111852e-002 0.000000e+000 
0.000000e+000 0.000000e+000 1.801090e-001 0.000000e+000 0.000000e+000 0.000000e+000 5.465355e-001 0.000000e+000 0.000000e+000 0.000000e+000 0.000000e+000 0.000000e+000 0.000000e+000 0.000000e+000 1.822370e-001 0.000000e+000 0.000000e+000 0.000000e+000 0.000000e+000 0.000000e+000 0.000000e+000 0.000000e+000 0.000000e+000 0.000000e+000 0.000000e+000 0.000000e+000 0.000000e+000 0.000000e+000 0.000000e+000 0.000000e+000 9.111852e-002 0.000000e+000 
0.000000e+000 0.000000e+000 1.801090e-001 0.000000e+000 0.000000e+000 0.000000e+000 5.465355e-001 0.000000e+000 0.000000e+000 0.000000e+000 0.000000e+000 0.000000e+000 0.000000e+000 0.000000e+000 1.822370e-001 0.000000e+000 0.000000e+000 0.000000e+000 0.000000e+000 0.000000e+000 0.000000e+000 0.000000e+000 0.000000e+000 0.000000e+000 0.000000e+000 0.000000e+000 0.000000e+000 0.000000e+000 0.000000e+000 0.000000e+000 9.111852e-002 0.000000e+000 
7.246236e-008 2.500000e-001 2.500000e-001 2.500000e-001 2.500000e-001 
