9.791944e-001 5.201400e-003 5.201400e-003 5.201400e-003 5.201400e-003 
5.570277e-002 2.360743e-001 2.360743e-001 2.360743e-001 2.360743e-001 
5.570277e-002 2.360743e-001 2.360743e-001 2.360743e-001 2.360743e-001 
5.570277e-002 2.360743e-001 2.360743e-001 2.360743e-001 2.360743e-001 
5.570277e-002 2.360743e-001 2.360743e-001 2.360743e-001 2.360743e-001 
1.269985e-003 0.000000e+000 2.215717e-005 0.000000e+000 0.000000e+000 0.000000e+000 5.094227e-004 0.000000e+000 0.000000e+000 0.000000e+000 0.000000e+000 0.000000e+000 0.000000e+000 0.000000e+000 4.632690e-007 0.000000e+000 0.000000e+000 0.000000e+000 0.000000e+000 0.000000e+000 0.000000e+000 0.000000e+000 0.000000e+000 0.000000e+000 0.000000e+000 0.000000e+000 0.000000e+000 0.000000e+000 0.000000e+000 0.000000e+000 4.440004e-007 0.000000e+000 
5.398917e-002 0.000000e+000 2.781515e-002 0.000000e+000 0.000000e+000 0.000000e+000 5.840591e-001 0.000000e+000 0.000000e+000 0.000000e+000 0.000000e+000 0.000000e+000 0.000000e+000 0.000000e+000 1.670683e-001 0.000000e+000 0.000000e+000 0.000000e+000 0.000000e+000 0.000000e+000 0.000000e+000 0.000000e+000 0.000000e+000 0.000000e+000 0.000000e+000 0.000000e+000 0.000000e+000 0.000000e+000 0.000000e+000 0.000000e+000 1.670683e-001 0.000000e+000 
5.398917e-002 0.000000e+000 2.781515e-002 0.000000e+000 0.000000e+000 0.000000e+000 5.840591e-001 0.000000e+000 0.000000e+000 0.000000e+000 0.000000e+000 0.000000e+000 0.000000e+000 0.000000e+000 1.670683e-001 0.000000e+000 0.000000e+000 0.000000e+000 0.000000e+000 0.000000e+000 0.000000e+000 0.000000e+000 0.000000e+000 0.000000e+000 0.000000e+000 0.000000e+000 0.000000e+000 0.000000e+000 0.000000e+000 0.000000e+000 1.670683e-001 0.000000e+000 
5.398917e-002 0.000000e+000 2.781515e-002 0.000000e+000 0.000000e+000 0.000000e+000 5.840591e-001 0.000000e+000 0.000000e+000 0.000000e+000 0.000000e+000 0.000000e+000 0.000000e+000 0.000000e+000 1.670683e-001 0.000000e+000 0.000000e+000 0.000000e+000 0.000000e+000 0.000000e+000 0.000000e+000 0.000000e+000 0.000000e+000 0.000000e+000 0.000000e+000 0.000000e+000 0.000000e+000 0.000000e+000 0.000000e+000 0.000000e+000 1.670683e-001 0.000000e+000 
5.398917e-002 0.000000e+000 2.781515e-002 0.000000e+000 0.000000e+000 0.000000e+000 5.840591e-001 0.000000e+000 0.000000e+000 0.000000e+000 0.000000e+000 0.000000e+000 0.000000e+000 0.000000e+000 1.670683e-001 0.000000e+000 0.000000e+000 0.000000e+000 0.000000e+000 0.000000e+000 0.000000e+000 0.000000e+000 0.000000e+000 0.000000e+000 0.000000e+000 0.000000e+000 0.000000e+000 0.000000e+000 0.000000e+000 0.000000e+000 1.670683e-001 0.000000e+000 
2.422327e-007 2.499999e-001 2.499999e-001 2.499999e-001 2.499999e-001 
