9.787529e-001 5.311774e-003 5.311774e-003 5.311774e-003 5.311774e-003 
5.420188e-002 2.364495e-001 2.364495e-001 2.364495e-001 2.364495e-001 
5.420188e-002 2.364495e-001 2.364495e-001 2.364495e-001 2.364495e-001 
5.420188e-002 2.364495e-001 2.364495e-001 2.364495e-001 2.364495e-001 
5.420188e-002 2.364495e-001 2.364495e-001 2.364495e-001 2.364495e-001 
1.381501e-003 0.000000e+000 3.603570e-007 0.000000e+000 0.000000e+000 0.000000e+000 1.686583e-004 0.000000e+000 0.000000e+000 0.000000e+000 0.000000e+000 0.000000e+000 0.000000e+000 0.000000e+000 3.792402e-004 0.000000e+000 0.000000e+000 0.000000e+000 0.000000e+000 0.000000e+000 0.000000e+000 0.000000e+000 0.000000e+000 0.000000e+000 0.000000e+000 0.000000e+000 0.000000e+000 0.000000e+000 0.000000e+000 0.000000e+000 0.000000e+000 0.000000e+000 
5.242454e-002 0.000000e+000 1.083738e-001 0.000000e+000 0.000000e+000 0.000000e+000 5.687498e-001 0.000000e+000 0.000000e+000 0.000000e+000 0.000000e+000 0.000000e+000 0.000000e+000 0.000000e+000 2.704518e-001 0.000000e+000 0.000000e+000 0.000000e+000 0.000000e+000 0.000000e+000 0.000000e+000 0.000000e+000 0.000000e+000 0.000000e+000 0.000000e+000 0.000000e+000 0.000000e+000 0.000000e+000 0.000000e+000 0.000000e+000 0.000000e+000 0.000000e+000 
5.242454e-002 0.000000e+000 1.083738e-001 0.000000e+000 0.000000e+000 0.000000e+000 5.687498e-001 0.000000e+000 0.000000e+000 0.000000e+000 0.000000e+000 0.000000e+000 0.000000e+000 0.000000e+000 2.704518e-001 0.000000e+000 0.000000e+000 0.000000e+000 0.000000e+000 0.000000e+000 0.000000e+000 0.000000e+000 0.000000e+000 0.000000e+000 0.000000e+000 0.000000e+000 0.000000e+000 0.000000e+000 0.000000e+000 0.000000e+000 0.000000e+000 0.000000e+000 
5.242454e-002 0.000000e+000 1.083738e-001 0.000000e+000 0.000000e+000 0.000000e+000 5.687498e-001 0.000000e+000 0.000000e+000 0.000000e+000 0.000000e+000 0.000000e+000 0.000000e+000 0.000000e+000 2.704518e-001 0.000000e+000 0.000000e+000 0.000000e+000 0.000000e+000 0.000000e+000 0.000000e+000 0.000000e+000 0.000000e+000 0.000000e+000 0.000000e+000 0.000000e+000 0.000000e+000 0.000000e+000 0.000000e+000 0.000000e+000 0.000000e+000 0.000000e+000 
5.242454e-002 0.000000e+000 1.083738e-001 0.000000e+000 0.000000e+000 0.000000e+000 5.687498e-001 0.000000e+000 0.000000e+000 0.000000e+000 0.000000e+000 0.000000e+000 0.000000e+000 0.000000e+000 2.704518e-001 0.000000e+000 0.000000e+000 0.000000e+000 0.000000e+000 0.000000e+000 0.000000e+000 0.000000e+000 0.000000e+000 0.000000e+000 0.000000e+000 0.000000e+000 0.000000e+000 0.000000e+000 0.000000e+000 0.000000e+000 0.000000e+000 0.000000e+000 
1.718111e-007 2.500000e-001 2.500000e-001 2.500000e-001 2.500000e-001 
