9.559294e-001 1.101765e-002 1.101765e-002 1.101765e-002 1.101765e-002 
7.786702e-002 2.305332e-001 2.305332e-001 2.305332e-001 2.305332e-001 
7.786702e-002 2.305332e-001 2.305332e-001 2.305332e-001 2.305332e-001 
7.786702e-002 2.305332e-001 2.305332e-001 2.305332e-001 2.305332e-001 
7.786702e-002 2.305332e-001 2.305332e-001 2.305332e-001 2.305332e-001 
7.958315e-003 0.000000e+000 1.142966e-004 0.000000e+000 0.000000e+000 0.000000e+000 3.492497e-004 0.000000e+000 0.000000e+000 0.000000e+000 0.000000e+000 0.000000e+000 0.000000e+000 0.000000e+000 5.718849e-004 0.000000e+000 0.000000e+000 0.000000e+000 0.000000e+000 0.000000e+000 0.000000e+000 0.000000e+000 0.000000e+000 0.000000e+000 0.000000e+000 0.000000e+000 0.000000e+000 0.000000e+000 0.000000e+000 0.000000e+000 6.868062e-004 0.000000e+000 
4.248885e-002 0.000000e+000 2.579884e-002 0.000000e+000 0.000000e+000 0.000000e+000 6.219932e-001 0.000000e+000 0.000000e+000 0.000000e+000 0.000000e+000 0.000000e+000 0.000000e+000 0.000000e+000 1.549273e-001 0.000000e+000 0.000000e+000 0.000000e+000 0.000000e+000 0.000000e+000 0.000000e+000 0.000000e+000 0.000000e+000 0.000000e+000 0.000000e+000 0.000000e+000 0.000000e+000 0.000000e+000 0.000000e+000 0.000000e+000 1.547918e-001 0.000000e+000 
4.248885e-002 0.000000e+000 2.579884e-002 0.000000e+000 0.000000e+000 0.000000e+000 6.219932e-001 0.000000e+000 0.000000e+000 0.000000e+000 0.000000e+000 0.000000e+000 0.000000e+000 0.000000e+000 1.549273e-001 0.000000e+000 0.000000e+000 0.000000e+000 0.000000e+000 0.000000e+000 0.000000e+000 0.000000e+000 0.000000e+000 0.000000e+000 0.000000e+000 0.000000e+000 0.000000e+000 0.000000e+000 0.000000e+000 0.000000e+000 1.547918e-001 0.000000e+000 
4.248885e-002 0.000000e+000 2.579884e-002 0.000000e+000 0.000000e+000 0.000000e+000 6.219932e-001 0.000000e+000 0.000000e+000 0.000000e+000 0.000000e+000 0.000000e+000 0.000000e+000 0.000000e+000 1.549273e-001 0.000000e+000 0.000000e+000 0.000000e+000 0.000000e+000 0.000000e+000 0.000000e+000 0.000000e+000 0.000000e+000 0.000000e+000 0.000000e+000 0.000000e+000 0.000000e+000 0.000000e+000 0.000000e+000 0.000000e+000 1.547918e-001 0.000000e+000 
4.248885e-002 0.000000e+000 2.579884e-002 0.000000e+000 0.000000e+000 0.000000e+000 6.219932e-001 0.000000e+000 0.000000e+000 0.000000e+000 0.000000e+000 0.000000e+000 0.000000e+000 0.000000e+000 1.549273e-001 0.000000e+000 0.000000e+000 0.000000e+000 0.000000e+000 0.000000e+000 0.000000e+000 0.000000e+000 0.000000e+000 0.000000e+000 0.000000e+000 0.000000e+000 0.000000e+000 0.000000e+000 0.000000e+000 0.000000e+000 1.547918e-001 0.000000e+000 
8.453265e-007 2.499998e-001 2.499998e-001 2.499998e-001 2.499998e-001 
