9.811800e-001 4.705002e-003 4.705002e-003 4.705002e-003 4.705002e-003 
6.482712e-002 2.337932e-001 2.337932e-001 2.337932e-001 2.337932e-001 
6.482712e-002 2.337932e-001 2.337932e-001 2.337932e-001 2.337932e-001 
6.482712e-002 2.337932e-001 2.337932e-001 2.337932e-001 2.337932e-001 
6.482712e-002 2.337932e-001 2.337932e-001 2.337932e-001 2.337932e-001 
1.739757e-003 0.000000e+000 8.967884e-004 0.000000e+000 0.000000e+000 0.000000e+000 1.030653e-004 0.000000e+000 0.000000e+000 0.000000e+000 0.000000e+000 0.000000e+000 0.000000e+000 0.000000e+000 3.146478e-007 0.000000e+000 0.000000e+000 0.000000e+000 0.000000e+000 0.000000e+000 0.000000e+000 0.000000e+000 0.000000e+000 0.000000e+000 0.000000e+000 0.000000e+000 0.000000e+000 0.000000e+000 0.000000e+000 0.000000e+000 3.683651e-008 0.000000e+000 
2.941363e-002 0.000000e+000 6.327593e-002 0.000000e+000 0.000000e+000 0.000000e+000 6.156183e-001 0.000000e+000 0.000000e+000 0.000000e+000 0.000000e+000 0.000000e+000 0.000000e+000 0.000000e+000 2.592819e-001 0.000000e+000 0.000000e+000 0.000000e+000 0.000000e+000 0.000000e+000 0.000000e+000 0.000000e+000 0.000000e+000 0.000000e+000 0.000000e+000 0.000000e+000 0.000000e+000 0.000000e+000 0.000000e+000 0.000000e+000 3.241024e-002 0.000000e+000 
2.941363e-002 0.000000e+000 6.327593e-002 0.000000e+000 0.000000e+000 0.000000e+000 6.156183e-001 0.000000e+000 0.000000e+000 0.000000e+000 0.000000e+000 0.000000e+000 0.000000e+000 0.000000e+000 2.592819e-001 0.000000e+000 0.000000e+000 0.000000e+000 0.000000e+000 0.000000e+000 0.000000e+000 0.000000e+000 0.000000e+000 0.000000e+000 0.000000e+000 0.000000e+000 0.000000e+000 0.000000e+000 0.000000e+000 0.000000e+000 3.241024e-002 0.000000e+000 
2.941363e-002 0.000000e+000 6.327593e-002 0.000000e+000 0.000000e+000 0.000000e+000 6.156183e-001 0.000000e+000 0.000000e+000 0.000000e+000 0.000000e+000 0.000000e+000 0.000000e+000 0.000000e+000 2.592819e-001 0.000000e+000 0.000000e+000 0.000000e+000 0.000000e+000 0.000000e+000 0.000000e+000 0.000000e+000 0.000000e+000 0.000000e+000 0.000000e+000 0.000000e+000 0.000000e+000 0.000000e+000 0.000000e+000 0.000000e+000 3.241024e-002 0.000000e+000 
2.941363e-002 0.000000e+000 6.327593e-002 0.000000e+000 0.000000e+000 0.000000e+000 6.156183e-001 0.000000e+000 0.000000e+000 0.000000e+000 0.000000e+000 0.000000e+000 0.000000e+000 0.000000e+000 2.592819e-001 0.000000e+000 0.000000e+000 0.000000e+000 0.000000e+000 0.000000e+000 0.000000e+000 0.000000e+000 0.000000e+000 0.000000e+000 0.000000e+000 0.000000e+000 0.000000e+000 0.000000e+000 0.000000e+000 0.000000e+000 3.241024e-002 0.000000e+000 
4.774759e-008 2.500000e-001 2.500000e-001 2.500000e-001 2.500000e-001 
