9.800000e-001 5.000000e-003 5.000000e-003 5.000000e-003 5.000000e-003 
5.882353e-002 2.352941e-001 2.352941e-001 2.352941e-001 2.352941e-001 
5.882353e-002 2.352941e-001 2.352941e-001 2.352941e-001 2.352941e-001 
5.882353e-002 2.352941e-001 2.352941e-001 2.352941e-001 2.352941e-001 
5.882353e-002 2.352941e-001 2.352941e-001 2.352941e-001 2.352941e-001 
8.000000e-002 0.000000e+000 2.502472e-018 0.000000e+000 0.000000e+000 0.000000e+000 2.668880e-120 0.000000e+000 0.000000e+000 0.000000e+000 0.000000e+000 0.000000e+000 0.000000e+000 0.000000e+000 1.264297e-283 0.000000e+000 0.000000e+000 0.000000e+000 0.000000e+000 0.000000e+000 0.000000e+000 0.000000e+000 0.000000e+000 0.000000e+000 0.000000e+000 0.000000e+000 0.000000e+000 0.000000e+000 0.000000e+000 0.000000e+000 1.406339e-283 0.000000e+000 
3.984352e-016 0.000000e+000 2.941176e-002 0.000000e+000 0.000000e+000 0.000000e+000 7.941176e-001 0.000000e+000 0.000000e+000 0.000000e+000 0.000000e+000 0.000000e+000 0.000000e+000 0.000000e+000 1.470588e-001 0.000000e+000 0.000000e+000 0.000000e+000 0.000000e+000 0.000000e+000 0.000000e+000 0.000000e+000 0.000000e+000 0.000000e+000 0.000000e+000 0.000000e+000 0.000000e+000 0.000000e+000 0.000000e+000 0.000000e+000 2.941176e-002 0.000000e+000 
3.984352e-016 0.000000e+000 2.941176e-002 0.000000e+000 0.000000e+000 0.000000e+000 7.941176e-001 0.000000e+000 0.000000e+000 0.000000e+000 0.000000e+000 0.000000e+000 0.000000e+000 0.000000e+000 1.470588e-001 0.000000e+000 0.000000e+000 0.000000e+000 0.000000e+000 0.000000e+000 0.000000e+000 0.000000e+000 0.000000e+000 0.000000e+000 0.000000e+000 0.000000e+000 0.000000e+000 0.000000e+000 0.000000e+000 0.000000e+000 2.941176e-002 0.000000e+000 
3.984352e-016 0.000000e+000 2.941176e-002 0.000000e+000 0.000000e+000 0.000000e+000 7.941176e-001 0.000000e+000 0.000000e+000 0.000000e+000 0.000000e+000 0.000000e+000 0.000000e+000 0.000000e+000 1.470588e-001 0.000000e+000 0.000000e+000 0.000000e+000 0.000000e+000 0.000000e+000 0.000000e+000 0.000000e+000 0.000000e+000 0.000000e+000 0.000000e+000 0.000000e+000 0.000000e+000 0.000000e+000 0.000000e+000 0.000000e+000 2.941176e-002 0.000000e+000 
3.984352e-016 0.000000e+000 2.941176e-002 0.000000e+000 0.000000e+000 0.000000e+000 7.941176e-001 0.000000e+000 0.000000e+000 0.000000e+000 0.000000e+000 0.000000e+000 0.000000e+000 0.000000e+000 1.470588e-001 0.000000e+000 0.000000e+000 0.000000e+000 0.000000e+000 0.000000e+000 0.000000e+000 0.000000e+000 0.000000e+000 0.000000e+000 0.000000e+000 0.000000e+000 0.000000e+000 0.000000e+000 0.000000e+000 0.000000e+000 2.941176e-002 0.000000e+000 
0.000000e+000 2.500000e-001 2.500000e-001 2.500000e-001 2.500000e-001 
